case_id	command	family	verdict	sample	agency	year	fmt	f0	f1	f2	f3
u_extract_data-000000	extract-data	kind	KIND_OK	samples/법제처/2016/extract-data-000000.hwp	법제처	2016	hwp	date	0	0	
u_extract_data-000001	extract-data	kind	KIND_OK	samples/행정안전부/2016/extract-data-000001.hwpx	행정안전부	2016	hwpx	amount	1	1	
u_extract_data-000002	extract-data	kind	KIND_OK	samples/국세청/2016/extract-data-000002.hwp	국세청	2016	hwp	number	2	2	
u_extract_data-000003	extract-data	kind	KIND_OK	samples/대법원/2016/extract-data-000003.hwpx	대법원	2016	hwpx	all	3	3	
u_extract_data-000004	extract-data	kind	KIND_OK	samples/특허청/2016/extract-data-000004.hwp	특허청	2016	hwp	date	4	4	
u_extract_data-000005	extract-data	kind	COUNT_DRIFT	samples/교육부/2016/extract-data-000005.hwpx	교육부	2016	hwpx	amount	5	6	
u_extract_data-000006	extract-data	kind	KIND_UNKNOWN	samples/보건복지부/2016/extract-data-000006.hwp	보건복지부	2016	hwp	token	6	6	
u_extract_data-000007	extract-data	kind	KIND_OK	samples/국토교통부/2016/extract-data-000007.hwpx	국토교통부	2016	hwpx	date	7	7	
u_extract_data-000008	extract-data	kind	KIND_OK	samples/고용노동부/2016/extract-data-000008.hwp	고용노동부	2016	hwp	amount	8	8	
u_extract_data-000009	extract-data	kind	KIND_OK	samples/외교부/2016/extract-data-000009.hwpx	외교부	2016	hwpx	number	9	9	
u_extract_data-000010	extract-data	kind	KIND_OK	samples/기획재정부/2016/extract-data-000010.hwp	기획재정부	2016	hwp	all	10	10	
u_extract_data-000011	extract-data	kind	KIND_OK	samples/공정거래위원회/2016/extract-data-000011.hwpx	공정거래위원회	2016	hwpx	date	11	11	
u_extract_data-000012	extract-data	kind	COUNT_DRIFT	samples/금융위원회/2016/extract-data-000012.hwp	금융위원회	2016	hwp	amount	0	1	
u_extract_data-000013	extract-data	kind	KIND_UNKNOWN	samples/통계청/2016/extract-data-000013.hwpx	통계청	2016	hwpx	token	1	1	
u_extract_data-000014	extract-data	kind	KIND_OK	samples/기상청/2016/extract-data-000014.hwp	기상청	2016	hwp	date	2	2	
u_extract_data-000015	extract-data	kind	KIND_OK	samples/관세청/2016/extract-data-000015.hwpx	관세청	2016	hwpx	amount	3	3	
u_extract_data-000016	extract-data	kind	KIND_OK	samples/검찰청/2016/extract-data-000016.hwp	검찰청	2016	hwp	number	4	4	
u_extract_data-000017	extract-data	kind	KIND_OK	samples/경찰청/2016/extract-data-000017.hwpx	경찰청	2016	hwpx	all	5	5	
u_extract_data-000018	extract-data	kind	KIND_OK	samples/소방청/2016/extract-data-000018.hwp	소방청	2016	hwp	date	6	6	
u_extract_data-000019	extract-data	kind	COUNT_DRIFT	samples/병무청/2016/extract-data-000019.hwpx	병무청	2016	hwpx	amount	7	8	
u_extract_data-000020	extract-data	kind	KIND_UNKNOWN	samples/산림청/2016/extract-data-000020.hwp	산림청	2016	hwp	token	8	8	
u_extract_data-000021	extract-data	kind	KIND_OK	samples/중소벤처기업부/2016/extract-data-000021.hwpx	중소벤처기업부	2016	hwpx	date	9	9	
u_extract_data-000022	extract-data	kind	KIND_OK	samples/과학기술정보통신부/2016/extract-data-000022.hwp	과학기술정보통신부	2016	hwp	amount	10	10	
u_extract_data-000023	extract-data	kind	KIND_OK	samples/문화체육관광부/2016/extract-data-000023.hwpx	문화체육관광부	2016	hwpx	number	11	11	
u_extract_data-000024	extract-data	kind	KIND_OK	samples/환경부/2016/extract-data-000024.hwp	환경부	2016	hwp	all	0	0	
u_extract_data-000025	extract-data	kind	KIND_OK	samples/해양수산부/2016/extract-data-000025.hwpx	해양수산부	2016	hwpx	date	1	1	
u_extract_data-000026	extract-data	kind	COUNT_DRIFT	samples/서울특별시/2016/extract-data-000026.hwp	서울특별시	2016	hwp	amount	2	3	
u_extract_data-000027	extract-data	kind	KIND_UNKNOWN	samples/경기도/2016/extract-data-000027.hwpx	경기도	2016	hwpx	token	3	3	
u_extract_data-000028	extract-data	kind	KIND_OK	samples/부산광역시/2016/extract-data-000028.hwp	부산광역시	2016	hwp	date	4	4	
u_extract_data-000029	extract-data	kind	KIND_OK	samples/제주특별자치도/2016/extract-data-000029.hwpx	제주특별자치도	2016	hwpx	amount	5	5	
u_extract_data-000030	extract-data	kind	KIND_OK	samples/법제처/2017/extract-data-000030.hwp	법제처	2017	hwp	number	6	6	
u_extract_data-000031	extract-data	kind	KIND_OK	samples/행정안전부/2017/extract-data-000031.hwpx	행정안전부	2017	hwpx	all	7	7	
u_extract_data-000032	extract-data	kind	KIND_OK	samples/국세청/2017/extract-data-000032.hwp	국세청	2017	hwp	date	8	8	
u_extract_data-000033	extract-data	kind	COUNT_DRIFT	samples/대법원/2017/extract-data-000033.hwpx	대법원	2017	hwpx	amount	9	10	
u_extract_data-000034	extract-data	kind	KIND_UNKNOWN	samples/특허청/2017/extract-data-000034.hwp	특허청	2017	hwp	token	10	10	
u_extract_data-000035	extract-data	kind	KIND_OK	samples/교육부/2017/extract-data-000035.hwpx	교육부	2017	hwpx	date	11	11	
u_extract_data-000036	extract-data	kind	KIND_OK	samples/보건복지부/2017/extract-data-000036.hwp	보건복지부	2017	hwp	amount	0	0	
u_extract_data-000037	extract-data	kind	KIND_OK	samples/국토교통부/2017/extract-data-000037.hwpx	국토교통부	2017	hwpx	number	1	1	
u_extract_data-000038	extract-data	kind	KIND_OK	samples/고용노동부/2017/extract-data-000038.hwp	고용노동부	2017	hwp	all	2	2	
u_extract_data-000039	extract-data	kind	KIND_OK	samples/외교부/2017/extract-data-000039.hwpx	외교부	2017	hwpx	date	3	3	
u_extract_data-000040	extract-data	kind	COUNT_DRIFT	samples/기획재정부/2017/extract-data-000040.hwp	기획재정부	2017	hwp	amount	4	5	
u_extract_data-000041	extract-data	kind	KIND_UNKNOWN	samples/공정거래위원회/2017/extract-data-000041.hwpx	공정거래위원회	2017	hwpx	token	5	5	
u_extract_data-000042	extract-data	kind	KIND_OK	samples/금융위원회/2017/extract-data-000042.hwp	금융위원회	2017	hwp	date	6	6	
u_extract_data-000043	extract-data	kind	KIND_OK	samples/통계청/2017/extract-data-000043.hwpx	통계청	2017	hwpx	amount	7	7	
u_extract_data-000044	extract-data	kind	KIND_OK	samples/기상청/2017/extract-data-000044.hwp	기상청	2017	hwp	number	8	8	
u_extract_data-000045	extract-data	kind	KIND_OK	samples/관세청/2017/extract-data-000045.hwpx	관세청	2017	hwpx	all	9	9	
u_extract_data-000046	extract-data	kind	KIND_OK	samples/검찰청/2017/extract-data-000046.hwp	검찰청	2017	hwp	date	10	10	
u_extract_data-000047	extract-data	kind	COUNT_DRIFT	samples/경찰청/2017/extract-data-000047.hwpx	경찰청	2017	hwpx	amount	11	12	
u_extract_data-000048	extract-data	kind	KIND_UNKNOWN	samples/소방청/2017/extract-data-000048.hwp	소방청	2017	hwp	token	0	0	
u_extract_data-000049	extract-data	kind	KIND_OK	samples/병무청/2017/extract-data-000049.hwpx	병무청	2017	hwpx	date	1	1	
u_extract_data-000050	extract-data	kind	KIND_OK	samples/산림청/2017/extract-data-000050.hwp	산림청	2017	hwp	amount	2	2	
u_extract_data-000051	extract-data	kind	KIND_OK	samples/중소벤처기업부/2017/extract-data-000051.hwpx	중소벤처기업부	2017	hwpx	number	3	3	
u_extract_data-000052	extract-data	kind	KIND_OK	samples/과학기술정보통신부/2017/extract-data-000052.hwp	과학기술정보통신부	2017	hwp	all	4	4	
u_extract_data-000053	extract-data	kind	KIND_OK	samples/문화체육관광부/2017/extract-data-000053.hwpx	문화체육관광부	2017	hwpx	date	5	5	
u_extract_data-000054	extract-data	kind	COUNT_DRIFT	samples/환경부/2017/extract-data-000054.hwp	환경부	2017	hwp	amount	6	7	
u_extract_data-000055	extract-data	kind	KIND_UNKNOWN	samples/해양수산부/2017/extract-data-000055.hwpx	해양수산부	2017	hwpx	token	7	7	
u_extract_data-000056	extract-data	kind	KIND_OK	samples/서울특별시/2017/extract-data-000056.hwp	서울특별시	2017	hwp	date	8	8	
u_extract_data-000057	extract-data	kind	KIND_OK	samples/경기도/2017/extract-data-000057.hwpx	경기도	2017	hwpx	amount	9	9	
u_extract_data-000058	extract-data	kind	KIND_OK	samples/부산광역시/2017/extract-data-000058.hwp	부산광역시	2017	hwp	number	10	10	
u_extract_data-000059	extract-data	kind	KIND_OK	samples/제주특별자치도/2017/extract-data-000059.hwpx	제주특별자치도	2017	hwpx	all	11	11	
u_extract_data-000060	extract-data	kind	KIND_OK	samples/법제처/2018/extract-data-000060.hwp	법제처	2018	hwp	date	0	0	
u_extract_data-000061	extract-data	kind	COUNT_DRIFT	samples/행정안전부/2018/extract-data-000061.hwpx	행정안전부	2018	hwpx	amount	1	2	
u_extract_data-000062	extract-data	kind	KIND_UNKNOWN	samples/국세청/2018/extract-data-000062.hwp	국세청	2018	hwp	token	2	2	
u_extract_data-000063	extract-data	kind	KIND_OK	samples/대법원/2018/extract-data-000063.hwpx	대법원	2018	hwpx	date	3	3	
u_extract_data-000064	extract-data	kind	KIND_OK	samples/특허청/2018/extract-data-000064.hwp	특허청	2018	hwp	amount	4	4	
u_extract_data-000065	extract-data	kind	KIND_OK	samples/교육부/2018/extract-data-000065.hwpx	교육부	2018	hwpx	number	5	5	
u_extract_data-000066	extract-data	kind	KIND_OK	samples/보건복지부/2018/extract-data-000066.hwp	보건복지부	2018	hwp	all	6	6	
u_extract_data-000067	extract-data	kind	KIND_OK	samples/국토교통부/2018/extract-data-000067.hwpx	국토교통부	2018	hwpx	date	7	7	
u_extract_data-000068	extract-data	kind	COUNT_DRIFT	samples/고용노동부/2018/extract-data-000068.hwp	고용노동부	2018	hwp	amount	8	9	
u_extract_data-000069	extract-data	kind	KIND_UNKNOWN	samples/외교부/2018/extract-data-000069.hwpx	외교부	2018	hwpx	token	9	9	
u_extract_data-000070	extract-data	kind	KIND_OK	samples/기획재정부/2018/extract-data-000070.hwp	기획재정부	2018	hwp	date	10	10	
u_extract_data-000071	extract-data	kind	KIND_OK	samples/공정거래위원회/2018/extract-data-000071.hwpx	공정거래위원회	2018	hwpx	amount	11	11	
u_extract_data-000072	extract-data	kind	KIND_OK	samples/금융위원회/2018/extract-data-000072.hwp	금융위원회	2018	hwp	number	0	0	
u_extract_data-000073	extract-data	kind	KIND_OK	samples/통계청/2018/extract-data-000073.hwpx	통계청	2018	hwpx	all	1	1	
u_extract_data-000074	extract-data	kind	KIND_OK	samples/기상청/2018/extract-data-000074.hwp	기상청	2018	hwp	date	2	2	
u_extract_data-000075	extract-data	kind	COUNT_DRIFT	samples/관세청/2018/extract-data-000075.hwpx	관세청	2018	hwpx	amount	3	4	
u_extract_data-000076	extract-data	kind	KIND_UNKNOWN	samples/검찰청/2018/extract-data-000076.hwp	검찰청	2018	hwp	token	4	4	
u_extract_data-000077	extract-data	kind	KIND_OK	samples/경찰청/2018/extract-data-000077.hwpx	경찰청	2018	hwpx	date	5	5	
u_extract_data-000078	extract-data	kind	KIND_OK	samples/소방청/2018/extract-data-000078.hwp	소방청	2018	hwp	amount	6	6	
u_extract_data-000079	extract-data	kind	KIND_OK	samples/병무청/2018/extract-data-000079.hwpx	병무청	2018	hwpx	number	7	7	
u_extract_data-000080	extract-data	kind	KIND_OK	samples/산림청/2018/extract-data-000080.hwp	산림청	2018	hwp	all	8	8	
u_extract_data-000081	extract-data	kind	KIND_OK	samples/중소벤처기업부/2018/extract-data-000081.hwpx	중소벤처기업부	2018	hwpx	date	9	9	
u_extract_data-000082	extract-data	kind	COUNT_DRIFT	samples/과학기술정보통신부/2018/extract-data-000082.hwp	과학기술정보통신부	2018	hwp	amount	10	11	
u_extract_data-000083	extract-data	kind	KIND_UNKNOWN	samples/문화체육관광부/2018/extract-data-000083.hwpx	문화체육관광부	2018	hwpx	token	11	11	
u_extract_data-000084	extract-data	kind	KIND_OK	samples/환경부/2018/extract-data-000084.hwp	환경부	2018	hwp	date	0	0	
u_extract_data-000085	extract-data	kind	KIND_OK	samples/해양수산부/2018/extract-data-000085.hwpx	해양수산부	2018	hwpx	amount	1	1	
u_extract_data-000086	extract-data	kind	KIND_OK	samples/서울특별시/2018/extract-data-000086.hwp	서울특별시	2018	hwp	number	2	2	
u_extract_data-000087	extract-data	kind	KIND_OK	samples/경기도/2018/extract-data-000087.hwpx	경기도	2018	hwpx	all	3	3	
u_extract_data-000088	extract-data	kind	KIND_OK	samples/부산광역시/2018/extract-data-000088.hwp	부산광역시	2018	hwp	date	4	4	
u_extract_data-000089	extract-data	kind	COUNT_DRIFT	samples/제주특별자치도/2018/extract-data-000089.hwpx	제주특별자치도	2018	hwpx	amount	5	6	
u_extract_data-000090	extract-data	kind	KIND_UNKNOWN	samples/법제처/2019/extract-data-000090.hwp	법제처	2019	hwp	token	6	6	
u_extract_data-000091	extract-data	kind	KIND_OK	samples/행정안전부/2019/extract-data-000091.hwpx	행정안전부	2019	hwpx	date	7	7	
u_extract_data-000092	extract-data	kind	KIND_OK	samples/국세청/2019/extract-data-000092.hwp	국세청	2019	hwp	amount	8	8	
u_extract_data-000093	extract-data	kind	KIND_OK	samples/대법원/2019/extract-data-000093.hwpx	대법원	2019	hwpx	number	9	9	
u_extract_data-000094	extract-data	kind	KIND_OK	samples/특허청/2019/extract-data-000094.hwp	특허청	2019	hwp	all	10	10	
u_extract_data-000095	extract-data	kind	KIND_OK	samples/교육부/2019/extract-data-000095.hwpx	교육부	2019	hwpx	date	11	11	
u_extract_data-000096	extract-data	kind	COUNT_DRIFT	samples/보건복지부/2019/extract-data-000096.hwp	보건복지부	2019	hwp	amount	0	1	
u_extract_data-000097	extract-data	kind	KIND_UNKNOWN	samples/국토교통부/2019/extract-data-000097.hwpx	국토교통부	2019	hwpx	token	1	1	
u_extract_data-000098	extract-data	kind	KIND_OK	samples/고용노동부/2019/extract-data-000098.hwp	고용노동부	2019	hwp	date	2	2	
u_extract_data-000099	extract-data	kind	KIND_OK	samples/외교부/2019/extract-data-000099.hwpx	외교부	2019	hwpx	amount	3	3	
u_extract_data-000100	extract-data	kind	KIND_OK	samples/기획재정부/2019/extract-data-000100.hwp	기획재정부	2019	hwp	number	4	4	
u_extract_data-000101	extract-data	kind	KIND_OK	samples/공정거래위원회/2019/extract-data-000101.hwpx	공정거래위원회	2019	hwpx	all	5	5	
u_extract_data-000102	extract-data	kind	KIND_OK	samples/금융위원회/2019/extract-data-000102.hwp	금융위원회	2019	hwp	date	6	6	
u_extract_data-000103	extract-data	kind	COUNT_DRIFT	samples/통계청/2019/extract-data-000103.hwpx	통계청	2019	hwpx	amount	7	8	
u_extract_data-000104	extract-data	kind	KIND_UNKNOWN	samples/기상청/2019/extract-data-000104.hwp	기상청	2019	hwp	token	8	8	
u_extract_data-000105	extract-data	kind	KIND_OK	samples/관세청/2019/extract-data-000105.hwpx	관세청	2019	hwpx	date	9	9	
u_extract_data-000106	extract-data	kind	KIND_OK	samples/검찰청/2019/extract-data-000106.hwp	검찰청	2019	hwp	amount	10	10	
u_extract_data-000107	extract-data	kind	KIND_OK	samples/경찰청/2019/extract-data-000107.hwpx	경찰청	2019	hwpx	number	11	11	
u_extract_data-000108	extract-data	kind	KIND_OK	samples/소방청/2019/extract-data-000108.hwp	소방청	2019	hwp	all	0	0	
u_extract_data-000109	extract-data	kind	KIND_OK	samples/병무청/2019/extract-data-000109.hwpx	병무청	2019	hwpx	date	1	1	
u_extract_data-000110	extract-data	kind	COUNT_DRIFT	samples/산림청/2019/extract-data-000110.hwp	산림청	2019	hwp	amount	2	3	
u_extract_data-000111	extract-data	kind	KIND_UNKNOWN	samples/중소벤처기업부/2019/extract-data-000111.hwpx	중소벤처기업부	2019	hwpx	token	3	3	
u_extract_data-000112	extract-data	kind	KIND_OK	samples/과학기술정보통신부/2019/extract-data-000112.hwp	과학기술정보통신부	2019	hwp	date	4	4	
u_extract_data-000113	extract-data	kind	KIND_OK	samples/문화체육관광부/2019/extract-data-000113.hwpx	문화체육관광부	2019	hwpx	amount	5	5	
u_extract_data-000114	extract-data	kind	KIND_OK	samples/환경부/2019/extract-data-000114.hwp	환경부	2019	hwp	number	6	6	
u_extract_data-000115	extract-data	kind	KIND_OK	samples/해양수산부/2019/extract-data-000115.hwpx	해양수산부	2019	hwpx	all	7	7	
u_extract_data-000116	extract-data	kind	KIND_OK	samples/서울특별시/2019/extract-data-000116.hwp	서울특별시	2019	hwp	date	8	8	
u_extract_data-000117	extract-data	kind	COUNT_DRIFT	samples/경기도/2019/extract-data-000117.hwpx	경기도	2019	hwpx	amount	9	10	
u_extract_data-000118	extract-data	kind	KIND_UNKNOWN	samples/부산광역시/2019/extract-data-000118.hwp	부산광역시	2019	hwp	token	10	10	
u_extract_data-000119	extract-data	kind	KIND_OK	samples/제주특별자치도/2019/extract-data-000119.hwpx	제주특별자치도	2019	hwpx	date	11	11	
u_extract_data-000120	extract-data	kind	KIND_OK	samples/법제처/2020/extract-data-000120.hwp	법제처	2020	hwp	amount	0	0	
u_extract_data-000121	extract-data	kind	KIND_OK	samples/행정안전부/2020/extract-data-000121.hwpx	행정안전부	2020	hwpx	number	1	1	
u_extract_data-000122	extract-data	kind	KIND_OK	samples/국세청/2020/extract-data-000122.hwp	국세청	2020	hwp	all	2	2	
u_extract_data-000123	extract-data	kind	KIND_OK	samples/대법원/2020/extract-data-000123.hwpx	대법원	2020	hwpx	date	3	3	
u_extract_data-000124	extract-data	kind	COUNT_DRIFT	samples/특허청/2020/extract-data-000124.hwp	특허청	2020	hwp	amount	4	5	
u_extract_data-000125	extract-data	kind	KIND_UNKNOWN	samples/교육부/2020/extract-data-000125.hwpx	교육부	2020	hwpx	token	5	5	
u_extract_data-000126	extract-data	kind	KIND_OK	samples/보건복지부/2020/extract-data-000126.hwp	보건복지부	2020	hwp	date	6	6	
u_extract_data-000127	extract-data	kind	KIND_OK	samples/국토교통부/2020/extract-data-000127.hwpx	국토교통부	2020	hwpx	amount	7	7	
u_extract_data-000128	extract-data	kind	KIND_OK	samples/고용노동부/2020/extract-data-000128.hwp	고용노동부	2020	hwp	number	8	8	
u_extract_data-000129	extract-data	kind	KIND_OK	samples/외교부/2020/extract-data-000129.hwpx	외교부	2020	hwpx	all	9	9	
u_extract_data-000130	extract-data	kind	KIND_OK	samples/기획재정부/2020/extract-data-000130.hwp	기획재정부	2020	hwp	date	10	10	
u_extract_data-000131	extract-data	kind	COUNT_DRIFT	samples/공정거래위원회/2020/extract-data-000131.hwpx	공정거래위원회	2020	hwpx	amount	11	12	
u_extract_data-000132	extract-data	kind	KIND_UNKNOWN	samples/금융위원회/2020/extract-data-000132.hwp	금융위원회	2020	hwp	token	0	0	
u_extract_data-000133	extract-data	kind	KIND_OK	samples/통계청/2020/extract-data-000133.hwpx	통계청	2020	hwpx	date	1	1	
u_extract_data-000134	extract-data	kind	KIND_OK	samples/기상청/2020/extract-data-000134.hwp	기상청	2020	hwp	amount	2	2	
u_extract_data-000135	extract-data	kind	KIND_OK	samples/관세청/2020/extract-data-000135.hwpx	관세청	2020	hwpx	number	3	3	
u_extract_data-000136	extract-data	kind	KIND_OK	samples/검찰청/2020/extract-data-000136.hwp	검찰청	2020	hwp	all	4	4	
u_extract_data-000137	extract-data	kind	KIND_OK	samples/경찰청/2020/extract-data-000137.hwpx	경찰청	2020	hwpx	date	5	5	
u_extract_data-000138	extract-data	kind	COUNT_DRIFT	samples/소방청/2020/extract-data-000138.hwp	소방청	2020	hwp	amount	6	7	
u_extract_data-000139	extract-data	kind	KIND_UNKNOWN	samples/병무청/2020/extract-data-000139.hwpx	병무청	2020	hwpx	token	7	7	
u_extract_data-000140	extract-data	kind	KIND_OK	samples/산림청/2020/extract-data-000140.hwp	산림청	2020	hwp	date	8	8	
u_extract_data-000141	extract-data	kind	KIND_OK	samples/중소벤처기업부/2020/extract-data-000141.hwpx	중소벤처기업부	2020	hwpx	amount	9	9	
u_extract_data-000142	extract-data	kind	KIND_OK	samples/과학기술정보통신부/2020/extract-data-000142.hwp	과학기술정보통신부	2020	hwp	number	10	10	
u_extract_data-000143	extract-data	kind	KIND_OK	samples/문화체육관광부/2020/extract-data-000143.hwpx	문화체육관광부	2020	hwpx	all	11	11	
u_extract_data-000144	extract-data	kind	KIND_OK	samples/환경부/2020/extract-data-000144.hwp	환경부	2020	hwp	date	0	0	
u_extract_data-000145	extract-data	kind	COUNT_DRIFT	samples/해양수산부/2020/extract-data-000145.hwpx	해양수산부	2020	hwpx	amount	1	2	
u_extract_data-000146	extract-data	kind	KIND_UNKNOWN	samples/서울특별시/2020/extract-data-000146.hwp	서울특별시	2020	hwp	token	2	2	
u_extract_data-000147	extract-data	kind	KIND_OK	samples/경기도/2020/extract-data-000147.hwpx	경기도	2020	hwpx	date	3	3	
u_extract_data-000148	extract-data	kind	KIND_OK	samples/부산광역시/2020/extract-data-000148.hwp	부산광역시	2020	hwp	amount	4	4	
u_extract_data-000149	extract-data	kind	KIND_OK	samples/제주특별자치도/2020/extract-data-000149.hwpx	제주특별자치도	2020	hwpx	number	5	5	
u_extract_data-000150	extract-data	kind	KIND_OK	samples/법제처/2021/extract-data-000150.hwp	법제처	2021	hwp	all	6	6	
u_extract_data-000151	extract-data	kind	KIND_OK	samples/행정안전부/2021/extract-data-000151.hwpx	행정안전부	2021	hwpx	date	7	7	
u_extract_data-000152	extract-data	kind	COUNT_DRIFT	samples/국세청/2021/extract-data-000152.hwp	국세청	2021	hwp	amount	8	9	
u_extract_data-000153	extract-data	kind	KIND_UNKNOWN	samples/대법원/2021/extract-data-000153.hwpx	대법원	2021	hwpx	token	9	9	
u_extract_data-000154	extract-data	kind	KIND_OK	samples/특허청/2021/extract-data-000154.hwp	특허청	2021	hwp	date	10	10	
u_extract_data-000155	extract-data	kind	KIND_OK	samples/교육부/2021/extract-data-000155.hwpx	교육부	2021	hwpx	amount	11	11	
u_extract_data-000156	extract-data	kind	KIND_OK	samples/보건복지부/2021/extract-data-000156.hwp	보건복지부	2021	hwp	number	0	0	
u_extract_data-000157	extract-data	kind	KIND_OK	samples/국토교통부/2021/extract-data-000157.hwpx	국토교통부	2021	hwpx	all	1	1	
u_extract_data-000158	extract-data	kind	KIND_OK	samples/고용노동부/2021/extract-data-000158.hwp	고용노동부	2021	hwp	date	2	2	
u_extract_data-000159	extract-data	kind	COUNT_DRIFT	samples/외교부/2021/extract-data-000159.hwpx	외교부	2021	hwpx	amount	3	4	
u_extract_data-000160	extract-data	kind	KIND_UNKNOWN	samples/기획재정부/2021/extract-data-000160.hwp	기획재정부	2021	hwp	token	4	4	
u_extract_data-000161	extract-data	kind	KIND_OK	samples/공정거래위원회/2021/extract-data-000161.hwpx	공정거래위원회	2021	hwpx	date	5	5	
u_extract_data-000162	extract-data	kind	KIND_OK	samples/금융위원회/2021/extract-data-000162.hwp	금융위원회	2021	hwp	amount	6	6	
u_extract_data-000163	extract-data	kind	KIND_OK	samples/통계청/2021/extract-data-000163.hwpx	통계청	2021	hwpx	number	7	7	
u_extract_data-000164	extract-data	kind	KIND_OK	samples/기상청/2021/extract-data-000164.hwp	기상청	2021	hwp	all	8	8	
u_extract_data-000165	extract-data	kind	KIND_OK	samples/관세청/2021/extract-data-000165.hwpx	관세청	2021	hwpx	date	9	9	
u_extract_data-000166	extract-data	kind	COUNT_DRIFT	samples/검찰청/2021/extract-data-000166.hwp	검찰청	2021	hwp	amount	10	11	
u_extract_data-000167	extract-data	kind	KIND_UNKNOWN	samples/경찰청/2021/extract-data-000167.hwpx	경찰청	2021	hwpx	token	11	11	
u_extract_data-000168	extract-data	kind	KIND_OK	samples/소방청/2021/extract-data-000168.hwp	소방청	2021	hwp	date	0	0	
u_extract_data-000169	extract-data	kind	KIND_OK	samples/병무청/2021/extract-data-000169.hwpx	병무청	2021	hwpx	amount	1	1	
u_extract_data-000170	extract-data	kind	KIND_OK	samples/산림청/2021/extract-data-000170.hwp	산림청	2021	hwp	number	2	2	
u_extract_data-000171	extract-data	kind	KIND_OK	samples/중소벤처기업부/2021/extract-data-000171.hwpx	중소벤처기업부	2021	hwpx	all	3	3	
u_extract_data-000172	extract-data	kind	KIND_OK	samples/과학기술정보통신부/2021/extract-data-000172.hwp	과학기술정보통신부	2021	hwp	date	4	4	
u_extract_data-000173	extract-data	kind	COUNT_DRIFT	samples/문화체육관광부/2021/extract-data-000173.hwpx	문화체육관광부	2021	hwpx	amount	5	6	
u_extract_data-000174	extract-data	kind	KIND_UNKNOWN	samples/환경부/2021/extract-data-000174.hwp	환경부	2021	hwp	token	6	6	
u_extract_data-000175	extract-data	kind	KIND_OK	samples/해양수산부/2021/extract-data-000175.hwpx	해양수산부	2021	hwpx	date	7	7	
u_extract_data-000176	extract-data	kind	KIND_OK	samples/서울특별시/2021/extract-data-000176.hwp	서울특별시	2021	hwp	amount	8	8	
u_extract_data-000177	extract-data	kind	KIND_OK	samples/경기도/2021/extract-data-000177.hwpx	경기도	2021	hwpx	number	9	9	
u_extract_data-000178	extract-data	kind	KIND_OK	samples/부산광역시/2021/extract-data-000178.hwp	부산광역시	2021	hwp	all	10	10	
u_extract_data-000179	extract-data	kind	KIND_OK	samples/제주특별자치도/2021/extract-data-000179.hwpx	제주특별자치도	2021	hwpx	date	11	11	
u_extract_data-000180	extract-data	kind	COUNT_DRIFT	samples/법제처/2022/extract-data-000180.hwp	법제처	2022	hwp	amount	0	1	
u_extract_data-000181	extract-data	kind	KIND_UNKNOWN	samples/행정안전부/2022/extract-data-000181.hwpx	행정안전부	2022	hwpx	token	1	1	
u_extract_data-000182	extract-data	kind	KIND_OK	samples/국세청/2022/extract-data-000182.hwp	국세청	2022	hwp	date	2	2	
u_extract_data-000183	extract-data	kind	KIND_OK	samples/대법원/2022/extract-data-000183.hwpx	대법원	2022	hwpx	amount	3	3	
u_extract_data-000184	extract-data	kind	KIND_OK	samples/특허청/2022/extract-data-000184.hwp	특허청	2022	hwp	number	4	4	
u_extract_data-000185	extract-data	kind	KIND_OK	samples/교육부/2022/extract-data-000185.hwpx	교육부	2022	hwpx	all	5	5	
u_extract_data-000186	extract-data	kind	KIND_OK	samples/보건복지부/2022/extract-data-000186.hwp	보건복지부	2022	hwp	date	6	6	
u_extract_data-000187	extract-data	kind	COUNT_DRIFT	samples/국토교통부/2022/extract-data-000187.hwpx	국토교통부	2022	hwpx	amount	7	8	
u_extract_data-000188	extract-data	kind	KIND_UNKNOWN	samples/고용노동부/2022/extract-data-000188.hwp	고용노동부	2022	hwp	token	8	8	
u_extract_data-000189	extract-data	kind	KIND_OK	samples/외교부/2022/extract-data-000189.hwpx	외교부	2022	hwpx	date	9	9	
u_extract_data-000190	extract-data	kind	KIND_OK	samples/기획재정부/2022/extract-data-000190.hwp	기획재정부	2022	hwp	amount	10	10	
u_extract_data-000191	extract-data	kind	KIND_OK	samples/공정거래위원회/2022/extract-data-000191.hwpx	공정거래위원회	2022	hwpx	number	11	11	
u_extract_data-000192	extract-data	kind	KIND_OK	samples/금융위원회/2022/extract-data-000192.hwp	금융위원회	2022	hwp	all	0	0	
u_extract_data-000193	extract-data	kind	KIND_OK	samples/통계청/2022/extract-data-000193.hwpx	통계청	2022	hwpx	date	1	1	
u_extract_data-000194	extract-data	kind	COUNT_DRIFT	samples/기상청/2022/extract-data-000194.hwp	기상청	2022	hwp	amount	2	3	
u_extract_data-000195	extract-data	kind	KIND_UNKNOWN	samples/관세청/2022/extract-data-000195.hwpx	관세청	2022	hwpx	token	3	3	
u_extract_data-000196	extract-data	kind	KIND_OK	samples/검찰청/2022/extract-data-000196.hwp	검찰청	2022	hwp	date	4	4	
u_extract_data-000197	extract-data	kind	KIND_OK	samples/경찰청/2022/extract-data-000197.hwpx	경찰청	2022	hwpx	amount	5	5	
u_extract_data-000198	extract-data	kind	KIND_OK	samples/소방청/2022/extract-data-000198.hwp	소방청	2022	hwp	number	6	6	
u_extract_data-000199	extract-data	kind	KIND_OK	samples/병무청/2022/extract-data-000199.hwpx	병무청	2022	hwpx	all	7	7	
u_extract_data-000200	extract-data	kind	KIND_OK	samples/산림청/2022/extract-data-000200.hwp	산림청	2022	hwp	date	8	8	
u_extract_data-000201	extract-data	kind	COUNT_DRIFT	samples/중소벤처기업부/2022/extract-data-000201.hwpx	중소벤처기업부	2022	hwpx	amount	9	10	
u_extract_data-000202	extract-data	kind	KIND_UNKNOWN	samples/과학기술정보통신부/2022/extract-data-000202.hwp	과학기술정보통신부	2022	hwp	token	10	10	
u_extract_data-000203	extract-data	kind	KIND_OK	samples/문화체육관광부/2022/extract-data-000203.hwpx	문화체육관광부	2022	hwpx	date	11	11	
u_extract_data-000204	extract-data	kind	KIND_OK	samples/환경부/2022/extract-data-000204.hwp	환경부	2022	hwp	amount	0	0	
u_extract_data-000205	extract-data	kind	KIND_OK	samples/해양수산부/2022/extract-data-000205.hwpx	해양수산부	2022	hwpx	number	1	1	
u_extract_data-000206	extract-data	kind	KIND_OK	samples/서울특별시/2022/extract-data-000206.hwp	서울특별시	2022	hwp	all	2	2	
u_extract_data-000207	extract-data	kind	KIND_OK	samples/경기도/2022/extract-data-000207.hwpx	경기도	2022	hwpx	date	3	3	
u_extract_data-000208	extract-data	kind	COUNT_DRIFT	samples/부산광역시/2022/extract-data-000208.hwp	부산광역시	2022	hwp	amount	4	5	
u_extract_data-000209	extract-data	kind	KIND_UNKNOWN	samples/제주특별자치도/2022/extract-data-000209.hwpx	제주특별자치도	2022	hwpx	token	5	5	
u_extract_data-000210	extract-data	kind	KIND_OK	samples/법제처/2023/extract-data-000210.hwp	법제처	2023	hwp	date	6	6	
u_extract_data-000211	extract-data	kind	KIND_OK	samples/행정안전부/2023/extract-data-000211.hwpx	행정안전부	2023	hwpx	amount	7	7	
u_extract_data-000212	extract-data	kind	KIND_OK	samples/국세청/2023/extract-data-000212.hwp	국세청	2023	hwp	number	8	8	
u_extract_data-000213	extract-data	kind	KIND_OK	samples/대법원/2023/extract-data-000213.hwpx	대법원	2023	hwpx	all	9	9	
u_extract_data-000214	extract-data	kind	KIND_OK	samples/특허청/2023/extract-data-000214.hwp	특허청	2023	hwp	date	10	10	
u_extract_data-000215	extract-data	kind	COUNT_DRIFT	samples/교육부/2023/extract-data-000215.hwpx	교육부	2023	hwpx	amount	11	12	
u_extract_data-000216	extract-data	kind	KIND_UNKNOWN	samples/보건복지부/2023/extract-data-000216.hwp	보건복지부	2023	hwp	token	0	0	
u_extract_data-000217	extract-data	kind	KIND_OK	samples/국토교통부/2023/extract-data-000217.hwpx	국토교통부	2023	hwpx	date	1	1	
u_extract_data-000218	extract-data	kind	KIND_OK	samples/고용노동부/2023/extract-data-000218.hwp	고용노동부	2023	hwp	amount	2	2	
u_extract_data-000219	extract-data	kind	KIND_OK	samples/외교부/2023/extract-data-000219.hwpx	외교부	2023	hwpx	number	3	3	
u_extract_data-000220	extract-data	kind	KIND_OK	samples/기획재정부/2023/extract-data-000220.hwp	기획재정부	2023	hwp	all	4	4	
u_extract_data-000221	extract-data	kind	KIND_OK	samples/공정거래위원회/2023/extract-data-000221.hwpx	공정거래위원회	2023	hwpx	date	5	5	
u_extract_data-000222	extract-data	kind	COUNT_DRIFT	samples/금융위원회/2023/extract-data-000222.hwp	금융위원회	2023	hwp	amount	6	7	
u_extract_data-000223	extract-data	kind	KIND_UNKNOWN	samples/통계청/2023/extract-data-000223.hwpx	통계청	2023	hwpx	token	7	7	
u_extract_data-000224	extract-data	kind	KIND_OK	samples/기상청/2023/extract-data-000224.hwp	기상청	2023	hwp	date	8	8	
u_extract_data-000225	extract-data	kind	KIND_OK	samples/관세청/2023/extract-data-000225.hwpx	관세청	2023	hwpx	amount	9	9	
u_extract_data-000226	extract-data	kind	KIND_OK	samples/검찰청/2023/extract-data-000226.hwp	검찰청	2023	hwp	number	10	10	
u_extract_data-000227	extract-data	kind	KIND_OK	samples/경찰청/2023/extract-data-000227.hwpx	경찰청	2023	hwpx	all	11	11	
u_extract_data-000228	extract-data	kind	KIND_OK	samples/소방청/2023/extract-data-000228.hwp	소방청	2023	hwp	date	0	0	
u_extract_data-000229	extract-data	kind	COUNT_DRIFT	samples/병무청/2023/extract-data-000229.hwpx	병무청	2023	hwpx	amount	1	2	
u_extract_data-000230	extract-data	kind	KIND_UNKNOWN	samples/산림청/2023/extract-data-000230.hwp	산림청	2023	hwp	token	2	2	
u_extract_data-000231	extract-data	kind	KIND_OK	samples/중소벤처기업부/2023/extract-data-000231.hwpx	중소벤처기업부	2023	hwpx	date	3	3	
u_extract_data-000232	extract-data	kind	KIND_OK	samples/과학기술정보통신부/2023/extract-data-000232.hwp	과학기술정보통신부	2023	hwp	amount	4	4	
u_extract_data-000233	extract-data	kind	KIND_OK	samples/문화체육관광부/2023/extract-data-000233.hwpx	문화체육관광부	2023	hwpx	number	5	5	
u_extract_data-000234	extract-data	kind	KIND_OK	samples/환경부/2023/extract-data-000234.hwp	환경부	2023	hwp	all	6	6	
u_extract_data-000235	extract-data	kind	KIND_OK	samples/해양수산부/2023/extract-data-000235.hwpx	해양수산부	2023	hwpx	date	7	7	
u_extract_data-000236	extract-data	kind	COUNT_DRIFT	samples/서울특별시/2023/extract-data-000236.hwp	서울특별시	2023	hwp	amount	8	9	
u_extract_data-000237	extract-data	kind	KIND_UNKNOWN	samples/경기도/2023/extract-data-000237.hwpx	경기도	2023	hwpx	token	9	9	
u_extract_data-000238	extract-data	kind	KIND_OK	samples/부산광역시/2023/extract-data-000238.hwp	부산광역시	2023	hwp	date	10	10	
u_extract_data-000239	extract-data	kind	KIND_OK	samples/제주특별자치도/2023/extract-data-000239.hwpx	제주특별자치도	2023	hwpx	amount	11	11	
u_extract_data-000240	extract-data	kind	KIND_OK	samples/법제처/2024/extract-data-000240.hwp	법제처	2024	hwp	number	0	0	
u_extract_data-000241	extract-data	kind	KIND_OK	samples/행정안전부/2024/extract-data-000241.hwpx	행정안전부	2024	hwpx	all	1	1	
u_extract_data-000242	extract-data	kind	KIND_OK	samples/국세청/2024/extract-data-000242.hwp	국세청	2024	hwp	date	2	2	
u_extract_data-000243	extract-data	kind	COUNT_DRIFT	samples/대법원/2024/extract-data-000243.hwpx	대법원	2024	hwpx	amount	3	4	
u_extract_data-000244	extract-data	kind	KIND_UNKNOWN	samples/특허청/2024/extract-data-000244.hwp	특허청	2024	hwp	token	4	4	
u_extract_data-000245	extract-data	kind	KIND_OK	samples/교육부/2024/extract-data-000245.hwpx	교육부	2024	hwpx	date	5	5	
u_extract_data-000246	extract-data	kind	KIND_OK	samples/보건복지부/2024/extract-data-000246.hwp	보건복지부	2024	hwp	amount	6	6	
u_extract_data-000247	extract-data	kind	KIND_OK	samples/국토교통부/2024/extract-data-000247.hwpx	국토교통부	2024	hwpx	number	7	7	
u_extract_data-000248	extract-data	kind	KIND_OK	samples/고용노동부/2024/extract-data-000248.hwp	고용노동부	2024	hwp	all	8	8	
u_extract_data-000249	extract-data	kind	KIND_OK	samples/외교부/2024/extract-data-000249.hwpx	외교부	2024	hwpx	date	9	9	
u_extract_data-000250	extract-data	kind	COUNT_DRIFT	samples/기획재정부/2024/extract-data-000250.hwp	기획재정부	2024	hwp	amount	10	11	
u_extract_data-000251	extract-data	kind	KIND_UNKNOWN	samples/공정거래위원회/2024/extract-data-000251.hwpx	공정거래위원회	2024	hwpx	token	11	11	
u_extract_data-000252	extract-data	kind	KIND_OK	samples/금융위원회/2024/extract-data-000252.hwp	금융위원회	2024	hwp	date	0	0	
u_extract_data-000253	extract-data	kind	KIND_OK	samples/통계청/2024/extract-data-000253.hwpx	통계청	2024	hwpx	amount	1	1	
u_extract_data-000254	extract-data	kind	KIND_OK	samples/기상청/2024/extract-data-000254.hwp	기상청	2024	hwp	number	2	2	
u_extract_data-000255	extract-data	kind	KIND_OK	samples/관세청/2024/extract-data-000255.hwpx	관세청	2024	hwpx	all	3	3	
u_extract_data-000256	extract-data	kind	KIND_OK	samples/검찰청/2024/extract-data-000256.hwp	검찰청	2024	hwp	date	4	4	
u_extract_data-000257	extract-data	kind	COUNT_DRIFT	samples/경찰청/2024/extract-data-000257.hwpx	경찰청	2024	hwpx	amount	5	6	
u_extract_data-000258	extract-data	kind	KIND_UNKNOWN	samples/소방청/2024/extract-data-000258.hwp	소방청	2024	hwp	token	6	6	
u_extract_data-000259	extract-data	kind	KIND_OK	samples/병무청/2024/extract-data-000259.hwpx	병무청	2024	hwpx	date	7	7	
u_extract_data-000260	extract-data	kind	KIND_OK	samples/산림청/2024/extract-data-000260.hwp	산림청	2024	hwp	amount	8	8	
u_extract_data-000261	extract-data	kind	KIND_OK	samples/중소벤처기업부/2024/extract-data-000261.hwpx	중소벤처기업부	2024	hwpx	number	9	9	
u_extract_data-000262	extract-data	kind	KIND_OK	samples/과학기술정보통신부/2024/extract-data-000262.hwp	과학기술정보통신부	2024	hwp	all	10	10	
u_extract_data-000263	extract-data	kind	KIND_OK	samples/문화체육관광부/2024/extract-data-000263.hwpx	문화체육관광부	2024	hwpx	date	11	11	
u_extract_data-000264	extract-data	kind	COUNT_DRIFT	samples/환경부/2024/extract-data-000264.hwp	환경부	2024	hwp	amount	0	1	
u_extract_data-000265	extract-data	kind	KIND_UNKNOWN	samples/해양수산부/2024/extract-data-000265.hwpx	해양수산부	2024	hwpx	token	1	1	
u_extract_data-000266	extract-data	kind	KIND_OK	samples/서울특별시/2024/extract-data-000266.hwp	서울특별시	2024	hwp	date	2	2	
u_extract_data-000267	extract-data	kind	KIND_OK	samples/경기도/2024/extract-data-000267.hwpx	경기도	2024	hwpx	amount	3	3	
u_extract_data-000268	extract-data	kind	KIND_OK	samples/부산광역시/2024/extract-data-000268.hwp	부산광역시	2024	hwp	number	4	4	
u_extract_data-000269	extract-data	kind	KIND_OK	samples/제주특별자치도/2024/extract-data-000269.hwpx	제주특별자치도	2024	hwpx	all	5	5	
u_extract_data-000270	extract-data	kind	KIND_OK	samples/법제처/2025/extract-data-000270.hwp	법제처	2025	hwp	date	6	6	
u_extract_data-000271	extract-data	kind	COUNT_DRIFT	samples/행정안전부/2025/extract-data-000271.hwpx	행정안전부	2025	hwpx	amount	7	8	
u_extract_data-000272	extract-data	kind	KIND_UNKNOWN	samples/국세청/2025/extract-data-000272.hwp	국세청	2025	hwp	token	8	8	
u_extract_data-000273	extract-data	kind	KIND_OK	samples/대법원/2025/extract-data-000273.hwpx	대법원	2025	hwpx	date	9	9	
u_extract_data-000274	extract-data	kind	KIND_OK	samples/특허청/2025/extract-data-000274.hwp	특허청	2025	hwp	amount	10	10	
u_extract_data-000275	extract-data	kind	KIND_OK	samples/교육부/2025/extract-data-000275.hwpx	교육부	2025	hwpx	number	11	11	
u_extract_data-000276	extract-data	kind	KIND_OK	samples/보건복지부/2025/extract-data-000276.hwp	보건복지부	2025	hwp	all	0	0	
u_extract_data-000277	extract-data	kind	KIND_OK	samples/국토교통부/2025/extract-data-000277.hwpx	국토교통부	2025	hwpx	date	1	1	
u_extract_data-000278	extract-data	kind	COUNT_DRIFT	samples/고용노동부/2025/extract-data-000278.hwp	고용노동부	2025	hwp	amount	2	3	
u_extract_data-000279	extract-data	kind	KIND_UNKNOWN	samples/외교부/2025/extract-data-000279.hwpx	외교부	2025	hwpx	token	3	3	
u_extract_data-000280	extract-data	kind	KIND_OK	samples/기획재정부/2025/extract-data-000280.hwp	기획재정부	2025	hwp	date	4	4	
u_extract_data-000281	extract-data	kind	KIND_OK	samples/공정거래위원회/2025/extract-data-000281.hwpx	공정거래위원회	2025	hwpx	amount	5	5	
u_extract_data-000282	extract-data	kind	KIND_OK	samples/금융위원회/2025/extract-data-000282.hwp	금융위원회	2025	hwp	number	6	6	
u_extract_data-000283	extract-data	kind	KIND_OK	samples/통계청/2025/extract-data-000283.hwpx	통계청	2025	hwpx	all	7	7	
u_extract_data-000284	extract-data	kind	KIND_OK	samples/기상청/2025/extract-data-000284.hwp	기상청	2025	hwp	date	8	8	
u_extract_data-000285	extract-data	kind	COUNT_DRIFT	samples/관세청/2025/extract-data-000285.hwpx	관세청	2025	hwpx	amount	9	10	
u_extract_data-000286	extract-data	kind	KIND_UNKNOWN	samples/검찰청/2025/extract-data-000286.hwp	검찰청	2025	hwp	token	10	10	
u_extract_data-000287	extract-data	kind	KIND_OK	samples/경찰청/2025/extract-data-000287.hwpx	경찰청	2025	hwpx	date	11	11	
u_extract_data-000288	extract-data	kind	KIND_OK	samples/소방청/2025/extract-data-000288.hwp	소방청	2025	hwp	amount	0	0	
u_extract_data-000289	extract-data	kind	KIND_OK	samples/병무청/2025/extract-data-000289.hwpx	병무청	2025	hwpx	number	1	1	
u_extract_data-000290	extract-data	kind	KIND_OK	samples/산림청/2025/extract-data-000290.hwp	산림청	2025	hwp	all	2	2	
u_extract_data-000291	extract-data	kind	KIND_OK	samples/중소벤처기업부/2025/extract-data-000291.hwpx	중소벤처기업부	2025	hwpx	date	3	3	
u_extract_data-000292	extract-data	kind	COUNT_DRIFT	samples/과학기술정보통신부/2025/extract-data-000292.hwp	과학기술정보통신부	2025	hwp	amount	4	5	
u_extract_data-000293	extract-data	kind	KIND_UNKNOWN	samples/문화체육관광부/2025/extract-data-000293.hwpx	문화체육관광부	2025	hwpx	token	5	5	
u_extract_data-000294	extract-data	kind	KIND_OK	samples/환경부/2025/extract-data-000294.hwp	환경부	2025	hwp	date	6	6	
u_extract_data-000295	extract-data	kind	KIND_OK	samples/해양수산부/2025/extract-data-000295.hwpx	해양수산부	2025	hwpx	amount	7	7	
u_extract_data-000296	extract-data	kind	KIND_OK	samples/서울특별시/2025/extract-data-000296.hwp	서울특별시	2025	hwp	number	8	8	
u_extract_data-000297	extract-data	kind	KIND_OK	samples/경기도/2025/extract-data-000297.hwpx	경기도	2025	hwpx	all	9	9	
u_extract_data-000298	extract-data	kind	KIND_OK	samples/부산광역시/2025/extract-data-000298.hwp	부산광역시	2025	hwp	date	10	10	
u_extract_data-000299	extract-data	kind	COUNT_DRIFT	samples/제주특별자치도/2025/extract-data-000299.hwpx	제주특별자치도	2025	hwpx	amount	11	12	
u_extract_data-000300	extract-data	kind	KIND_UNKNOWN	samples/법제처/2026/extract-data-000300.hwp	법제처	2026	hwp	token	0	0	
u_extract_data-000301	extract-data	kind	KIND_OK	samples/행정안전부/2026/extract-data-000301.hwpx	행정안전부	2026	hwpx	date	1	1	
u_extract_data-000302	extract-data	kind	KIND_OK	samples/국세청/2026/extract-data-000302.hwp	국세청	2026	hwp	amount	2	2	
u_extract_data-000303	extract-data	kind	KIND_OK	samples/대법원/2026/extract-data-000303.hwpx	대법원	2026	hwpx	number	3	3	
u_extract_data-000304	extract-data	kind	KIND_OK	samples/특허청/2026/extract-data-000304.hwp	특허청	2026	hwp	all	4	4	
u_extract_data-000305	extract-data	kind	KIND_OK	samples/교육부/2026/extract-data-000305.hwpx	교육부	2026	hwpx	date	5	5	
u_extract_data-000306	extract-data	kind	COUNT_DRIFT	samples/보건복지부/2026/extract-data-000306.hwp	보건복지부	2026	hwp	amount	6	7	
u_extract_data-000307	extract-data	kind	KIND_UNKNOWN	samples/국토교통부/2026/extract-data-000307.hwpx	국토교통부	2026	hwpx	token	7	7	
u_extract_data-000308	extract-data	kind	KIND_OK	samples/고용노동부/2026/extract-data-000308.hwp	고용노동부	2026	hwp	date	8	8	
u_extract_data-000309	extract-data	kind	KIND_OK	samples/외교부/2026/extract-data-000309.hwpx	외교부	2026	hwpx	amount	9	9	
u_extract_data-000310	extract-data	kind	KIND_OK	samples/기획재정부/2026/extract-data-000310.hwp	기획재정부	2026	hwp	number	10	10	
u_extract_data-000311	extract-data	kind	KIND_OK	samples/공정거래위원회/2026/extract-data-000311.hwpx	공정거래위원회	2026	hwpx	all	11	11	
u_extract_data-000312	extract-data	kind	KIND_OK	samples/금융위원회/2026/extract-data-000312.hwp	금융위원회	2026	hwp	date	0	0	
u_extract_data-000313	extract-data	kind	COUNT_DRIFT	samples/통계청/2026/extract-data-000313.hwpx	통계청	2026	hwpx	amount	1	2	
u_extract_data-000314	extract-data	kind	KIND_UNKNOWN	samples/기상청/2026/extract-data-000314.hwp	기상청	2026	hwp	token	2	2	
u_extract_data-000315	extract-data	kind	KIND_OK	samples/관세청/2026/extract-data-000315.hwpx	관세청	2026	hwpx	date	3	3	
u_extract_data-000316	extract-data	kind	KIND_OK	samples/검찰청/2026/extract-data-000316.hwp	검찰청	2026	hwp	amount	4	4	
u_extract_data-000317	extract-data	kind	KIND_OK	samples/경찰청/2026/extract-data-000317.hwpx	경찰청	2026	hwpx	number	5	5	
u_extract_data-000318	extract-data	kind	KIND_OK	samples/소방청/2026/extract-data-000318.hwp	소방청	2026	hwp	all	6	6	
u_extract_data-000319	extract-data	kind	KIND_OK	samples/병무청/2026/extract-data-000319.hwpx	병무청	2026	hwpx	date	7	7	
u_extract_data-000320	extract-data	kind	COUNT_DRIFT	samples/산림청/2026/extract-data-000320.hwp	산림청	2026	hwp	amount	8	9	
u_extract_data-000321	extract-data	kind	KIND_UNKNOWN	samples/중소벤처기업부/2026/extract-data-000321.hwpx	중소벤처기업부	2026	hwpx	token	9	9	
u_extract_data-000322	extract-data	kind	KIND_OK	samples/과학기술정보통신부/2026/extract-data-000322.hwp	과학기술정보통신부	2026	hwp	date	10	10	
u_extract_data-000323	extract-data	kind	KIND_OK	samples/문화체육관광부/2026/extract-data-000323.hwpx	문화체육관광부	2026	hwpx	amount	11	11	
u_extract_data-000324	extract-data	kind	KIND_OK	samples/환경부/2026/extract-data-000324.hwp	환경부	2026	hwp	number	0	0	
u_extract_data-000325	extract-data	kind	KIND_OK	samples/해양수산부/2026/extract-data-000325.hwpx	해양수산부	2026	hwpx	all	1	1	
u_extract_data-000326	extract-data	kind	KIND_OK	samples/서울특별시/2026/extract-data-000326.hwp	서울특별시	2026	hwp	date	2	2	
u_extract_data-000327	extract-data	kind	COUNT_DRIFT	samples/경기도/2026/extract-data-000327.hwpx	경기도	2026	hwpx	amount	3	4	
u_extract_data-000328	extract-data	kind	KIND_UNKNOWN	samples/부산광역시/2026/extract-data-000328.hwp	부산광역시	2026	hwp	token	4	4	
u_extract_data-000329	extract-data	kind	KIND_OK	samples/제주특별자치도/2026/extract-data-000329.hwpx	제주특별자치도	2026	hwpx	date	5	5	
u_extract_data-000330	extract-data	kind	KIND_OK	samples/법제처/2016/extract-data-000330.hwp	법제처	2016	hwp	amount	6	6	
u_extract_data-000331	extract-data	kind	KIND_OK	samples/행정안전부/2016/extract-data-000331.hwpx	행정안전부	2016	hwpx	number	7	7	
u_extract_data-000332	extract-data	kind	KIND_OK	samples/국세청/2016/extract-data-000332.hwp	국세청	2016	hwp	all	8	8	
u_extract_data-000333	extract-data	kind	KIND_OK	samples/대법원/2016/extract-data-000333.hwpx	대법원	2016	hwpx	date	9	9	
u_extract_data-000334	extract-data	kind	COUNT_DRIFT	samples/특허청/2016/extract-data-000334.hwp	특허청	2016	hwp	amount	10	11	
u_extract_data-000335	extract-data	kind	KIND_UNKNOWN	samples/교육부/2016/extract-data-000335.hwpx	교육부	2016	hwpx	token	11	11	
u_extract_data-000336	extract-data	kind	KIND_OK	samples/보건복지부/2016/extract-data-000336.hwp	보건복지부	2016	hwp	date	0	0	
u_extract_data-000337	extract-data	kind	KIND_OK	samples/국토교통부/2016/extract-data-000337.hwpx	국토교통부	2016	hwpx	amount	1	1	
u_extract_data-000338	extract-data	kind	KIND_OK	samples/고용노동부/2016/extract-data-000338.hwp	고용노동부	2016	hwp	number	2	2	
u_extract_data-000339	extract-data	kind	KIND_OK	samples/외교부/2016/extract-data-000339.hwpx	외교부	2016	hwpx	all	3	3	
u_extract_data-000340	extract-data	kind	KIND_OK	samples/기획재정부/2016/extract-data-000340.hwp	기획재정부	2016	hwp	date	4	4	
u_extract_data-000341	extract-data	kind	COUNT_DRIFT	samples/공정거래위원회/2016/extract-data-000341.hwpx	공정거래위원회	2016	hwpx	amount	5	6	
u_extract_data-000342	extract-data	kind	KIND_UNKNOWN	samples/금융위원회/2016/extract-data-000342.hwp	금융위원회	2016	hwp	token	6	6	
u_extract_data-000343	extract-data	kind	KIND_OK	samples/통계청/2016/extract-data-000343.hwpx	통계청	2016	hwpx	date	7	7	
u_extract_data-000344	extract-data	kind	KIND_OK	samples/기상청/2016/extract-data-000344.hwp	기상청	2016	hwp	amount	8	8	
u_extract_data-000345	extract-data	kind	KIND_OK	samples/관세청/2016/extract-data-000345.hwpx	관세청	2016	hwpx	number	9	9	
u_extract_data-000346	extract-data	kind	KIND_OK	samples/검찰청/2016/extract-data-000346.hwp	검찰청	2016	hwp	all	10	10	
u_extract_data-000347	extract-data	kind	KIND_OK	samples/경찰청/2016/extract-data-000347.hwpx	경찰청	2016	hwpx	date	11	11	
u_extract_data-000348	extract-data	kind	COUNT_DRIFT	samples/소방청/2016/extract-data-000348.hwp	소방청	2016	hwp	amount	0	1	
u_extract_data-000349	extract-data	kind	KIND_UNKNOWN	samples/병무청/2016/extract-data-000349.hwpx	병무청	2016	hwpx	token	1	1	
u_extract_data-000350	extract-data	kind	KIND_OK	samples/산림청/2016/extract-data-000350.hwp	산림청	2016	hwp	date	2	2	
u_extract_data-000351	extract-data	kind	KIND_OK	samples/중소벤처기업부/2016/extract-data-000351.hwpx	중소벤처기업부	2016	hwpx	amount	3	3	
u_extract_data-000352	extract-data	kind	KIND_OK	samples/과학기술정보통신부/2016/extract-data-000352.hwp	과학기술정보통신부	2016	hwp	number	4	4	
u_extract_data-000353	extract-data	kind	KIND_OK	samples/문화체육관광부/2016/extract-data-000353.hwpx	문화체육관광부	2016	hwpx	all	5	5	
u_extract_data-000354	extract-data	kind	KIND_OK	samples/환경부/2016/extract-data-000354.hwp	환경부	2016	hwp	date	6	6	
u_extract_data-000355	extract-data	kind	COUNT_DRIFT	samples/해양수산부/2016/extract-data-000355.hwpx	해양수산부	2016	hwpx	amount	7	8	
u_extract_data-000356	extract-data	kind	KIND_UNKNOWN	samples/서울특별시/2016/extract-data-000356.hwp	서울특별시	2016	hwp	token	8	8	
u_extract_data-000357	extract-data	kind	KIND_OK	samples/경기도/2016/extract-data-000357.hwpx	경기도	2016	hwpx	date	9	9	
u_extract_data-000358	extract-data	kind	KIND_OK	samples/부산광역시/2016/extract-data-000358.hwp	부산광역시	2016	hwp	amount	10	10	
u_extract_data-000359	extract-data	kind	KIND_OK	samples/제주특별자치도/2016/extract-data-000359.hwpx	제주특별자치도	2016	hwpx	number	11	11	
u_extract_data-000360	extract-data	kind	KIND_OK	samples/법제처/2017/extract-data-000360.hwp	법제처	2017	hwp	all	0	0	
u_extract_data-000361	extract-data	kind	KIND_OK	samples/행정안전부/2017/extract-data-000361.hwpx	행정안전부	2017	hwpx	date	1	1	
u_extract_data-000362	extract-data	kind	COUNT_DRIFT	samples/국세청/2017/extract-data-000362.hwp	국세청	2017	hwp	amount	2	3	
u_extract_data-000363	extract-data	kind	KIND_UNKNOWN	samples/대법원/2017/extract-data-000363.hwpx	대법원	2017	hwpx	token	3	3	
u_extract_data-000364	extract-data	kind	KIND_OK	samples/특허청/2017/extract-data-000364.hwp	특허청	2017	hwp	date	4	4	
u_extract_data-000365	extract-data	kind	KIND_OK	samples/교육부/2017/extract-data-000365.hwpx	교육부	2017	hwpx	amount	5	5	
u_extract_data-000366	extract-data	kind	KIND_OK	samples/보건복지부/2017/extract-data-000366.hwp	보건복지부	2017	hwp	number	6	6	
u_extract_data-000367	extract-data	kind	KIND_OK	samples/국토교통부/2017/extract-data-000367.hwpx	국토교통부	2017	hwpx	all	7	7	
u_extract_data-000368	extract-data	kind	KIND_OK	samples/고용노동부/2017/extract-data-000368.hwp	고용노동부	2017	hwp	date	8	8	
u_extract_data-000369	extract-data	kind	COUNT_DRIFT	samples/외교부/2017/extract-data-000369.hwpx	외교부	2017	hwpx	amount	9	10	
u_extract_data-000370	extract-data	kind	KIND_UNKNOWN	samples/기획재정부/2017/extract-data-000370.hwp	기획재정부	2017	hwp	token	10	10	
u_extract_data-000371	extract-data	kind	KIND_OK	samples/공정거래위원회/2017/extract-data-000371.hwpx	공정거래위원회	2017	hwpx	date	11	11	
u_extract_data-000372	extract-data	kind	KIND_OK	samples/금융위원회/2017/extract-data-000372.hwp	금융위원회	2017	hwp	amount	0	0	
u_extract_data-000373	extract-data	kind	KIND_OK	samples/통계청/2017/extract-data-000373.hwpx	통계청	2017	hwpx	number	1	1	
u_extract_data-000374	extract-data	kind	KIND_OK	samples/기상청/2017/extract-data-000374.hwp	기상청	2017	hwp	all	2	2	
u_extract_data-000375	extract-data	kind	KIND_OK	samples/관세청/2017/extract-data-000375.hwpx	관세청	2017	hwpx	date	3	3	
u_extract_data-000376	extract-data	kind	COUNT_DRIFT	samples/검찰청/2017/extract-data-000376.hwp	검찰청	2017	hwp	amount	4	5	
u_extract_data-000377	extract-data	kind	KIND_UNKNOWN	samples/경찰청/2017/extract-data-000377.hwpx	경찰청	2017	hwpx	token	5	5	
u_extract_data-000378	extract-data	kind	KIND_OK	samples/소방청/2017/extract-data-000378.hwp	소방청	2017	hwp	date	6	6	
u_extract_data-000379	extract-data	kind	KIND_OK	samples/병무청/2017/extract-data-000379.hwpx	병무청	2017	hwpx	amount	7	7	
u_extract_data-000380	extract-data	kind	KIND_OK	samples/산림청/2017/extract-data-000380.hwp	산림청	2017	hwp	number	8	8	
u_extract_data-000381	extract-data	kind	KIND_OK	samples/중소벤처기업부/2017/extract-data-000381.hwpx	중소벤처기업부	2017	hwpx	all	9	9	
u_extract_data-000382	extract-data	kind	KIND_OK	samples/과학기술정보통신부/2017/extract-data-000382.hwp	과학기술정보통신부	2017	hwp	date	10	10	
u_extract_data-000383	extract-data	kind	COUNT_DRIFT	samples/문화체육관광부/2017/extract-data-000383.hwpx	문화체육관광부	2017	hwpx	amount	11	12	
u_extract_data-000384	extract-data	kind	KIND_UNKNOWN	samples/환경부/2017/extract-data-000384.hwp	환경부	2017	hwp	token	0	0	
u_extract_data-000385	extract-data	kind	KIND_OK	samples/해양수산부/2017/extract-data-000385.hwpx	해양수산부	2017	hwpx	date	1	1	
u_extract_data-000386	extract-data	kind	KIND_OK	samples/서울특별시/2017/extract-data-000386.hwp	서울특별시	2017	hwp	amount	2	2	
u_extract_data-000387	extract-data	kind	KIND_OK	samples/경기도/2017/extract-data-000387.hwpx	경기도	2017	hwpx	number	3	3	
u_extract_data-000388	extract-data	kind	KIND_OK	samples/부산광역시/2017/extract-data-000388.hwp	부산광역시	2017	hwp	all	4	4	
u_extract_data-000389	extract-data	kind	KIND_OK	samples/제주특별자치도/2017/extract-data-000389.hwpx	제주특별자치도	2017	hwpx	date	5	5	
u_extract_data-000390	extract-data	kind	COUNT_DRIFT	samples/법제처/2018/extract-data-000390.hwp	법제처	2018	hwp	amount	6	7	
u_extract_data-000391	extract-data	kind	KIND_UNKNOWN	samples/행정안전부/2018/extract-data-000391.hwpx	행정안전부	2018	hwpx	token	7	7	
u_extract_data-000392	extract-data	kind	KIND_OK	samples/국세청/2018/extract-data-000392.hwp	국세청	2018	hwp	date	8	8	
u_extract_data-000393	extract-data	kind	KIND_OK	samples/대법원/2018/extract-data-000393.hwpx	대법원	2018	hwpx	amount	9	9	
u_extract_data-000394	extract-data	kind	KIND_OK	samples/특허청/2018/extract-data-000394.hwp	특허청	2018	hwp	number	10	10	
u_extract_data-000395	extract-data	kind	KIND_OK	samples/교육부/2018/extract-data-000395.hwpx	교육부	2018	hwpx	all	11	11	
u_extract_data-000396	extract-data	kind	KIND_OK	samples/보건복지부/2018/extract-data-000396.hwp	보건복지부	2018	hwp	date	0	0	
u_extract_data-000397	extract-data	kind	COUNT_DRIFT	samples/국토교통부/2018/extract-data-000397.hwpx	국토교통부	2018	hwpx	amount	1	2	
u_extract_data-000398	extract-data	kind	KIND_UNKNOWN	samples/고용노동부/2018/extract-data-000398.hwp	고용노동부	2018	hwp	token	2	2	
u_extract_data-000399	extract-data	kind	KIND_OK	samples/외교부/2018/extract-data-000399.hwpx	외교부	2018	hwpx	date	3	3	
u_extract_data-000400	extract-data	kind	KIND_OK	samples/기획재정부/2018/extract-data-000400.hwp	기획재정부	2018	hwp	amount	4	4	
u_extract_data-000401	extract-data	kind	KIND_OK	samples/공정거래위원회/2018/extract-data-000401.hwpx	공정거래위원회	2018	hwpx	number	5	5	
u_extract_data-000402	extract-data	kind	KIND_OK	samples/금융위원회/2018/extract-data-000402.hwp	금융위원회	2018	hwp	all	6	6	
u_extract_data-000403	extract-data	kind	KIND_OK	samples/통계청/2018/extract-data-000403.hwpx	통계청	2018	hwpx	date	7	7	
u_extract_data-000404	extract-data	kind	COUNT_DRIFT	samples/기상청/2018/extract-data-000404.hwp	기상청	2018	hwp	amount	8	9	
u_extract_data-000405	extract-data	kind	KIND_UNKNOWN	samples/관세청/2018/extract-data-000405.hwpx	관세청	2018	hwpx	token	9	9	
u_extract_data-000406	extract-data	kind	KIND_OK	samples/검찰청/2018/extract-data-000406.hwp	검찰청	2018	hwp	date	10	10	
u_extract_data-000407	extract-data	kind	KIND_OK	samples/경찰청/2018/extract-data-000407.hwpx	경찰청	2018	hwpx	amount	11	11	
u_extract_data-000408	extract-data	kind	KIND_OK	samples/소방청/2018/extract-data-000408.hwp	소방청	2018	hwp	number	0	0	
u_extract_data-000409	extract-data	kind	KIND_OK	samples/병무청/2018/extract-data-000409.hwpx	병무청	2018	hwpx	all	1	1	
u_extract_data-000410	extract-data	kind	KIND_OK	samples/산림청/2018/extract-data-000410.hwp	산림청	2018	hwp	date	2	2	
u_extract_data-000411	extract-data	kind	COUNT_DRIFT	samples/중소벤처기업부/2018/extract-data-000411.hwpx	중소벤처기업부	2018	hwpx	amount	3	4	
u_extract_data-000412	extract-data	kind	KIND_UNKNOWN	samples/과학기술정보통신부/2018/extract-data-000412.hwp	과학기술정보통신부	2018	hwp	token	4	4	
u_extract_data-000413	extract-data	kind	KIND_OK	samples/문화체육관광부/2018/extract-data-000413.hwpx	문화체육관광부	2018	hwpx	date	5	5	
u_extract_data-000414	extract-data	kind	KIND_OK	samples/환경부/2018/extract-data-000414.hwp	환경부	2018	hwp	amount	6	6	
u_extract_data-000415	extract-data	kind	KIND_OK	samples/해양수산부/2018/extract-data-000415.hwpx	해양수산부	2018	hwpx	number	7	7	
u_extract_data-000416	extract-data	kind	KIND_OK	samples/서울특별시/2018/extract-data-000416.hwp	서울특별시	2018	hwp	all	8	8	
u_extract_data-000417	extract-data	kind	KIND_OK	samples/경기도/2018/extract-data-000417.hwpx	경기도	2018	hwpx	date	9	9	
u_extract_data-000418	extract-data	kind	COUNT_DRIFT	samples/부산광역시/2018/extract-data-000418.hwp	부산광역시	2018	hwp	amount	10	11	
u_extract_data-000419	extract-data	kind	KIND_UNKNOWN	samples/제주특별자치도/2018/extract-data-000419.hwpx	제주특별자치도	2018	hwpx	token	11	11	
u_extract_data-000420	extract-data	kind	KIND_OK	samples/법제처/2019/extract-data-000420.hwp	법제처	2019	hwp	date	0	0	
u_extract_data-000421	extract-data	kind	KIND_OK	samples/행정안전부/2019/extract-data-000421.hwpx	행정안전부	2019	hwpx	amount	1	1	
u_extract_data-000422	extract-data	kind	KIND_OK	samples/국세청/2019/extract-data-000422.hwp	국세청	2019	hwp	number	2	2	
u_extract_data-000423	extract-data	kind	KIND_OK	samples/대법원/2019/extract-data-000423.hwpx	대법원	2019	hwpx	all	3	3	
u_extract_data-000424	extract-data	kind	KIND_OK	samples/특허청/2019/extract-data-000424.hwp	특허청	2019	hwp	date	4	4	
u_extract_data-000425	extract-data	kind	COUNT_DRIFT	samples/교육부/2019/extract-data-000425.hwpx	교육부	2019	hwpx	amount	5	6	
u_extract_data-000426	extract-data	kind	KIND_UNKNOWN	samples/보건복지부/2019/extract-data-000426.hwp	보건복지부	2019	hwp	token	6	6	
u_extract_data-000427	extract-data	kind	KIND_OK	samples/국토교통부/2019/extract-data-000427.hwpx	국토교통부	2019	hwpx	date	7	7	
u_extract_data-000428	extract-data	kind	KIND_OK	samples/고용노동부/2019/extract-data-000428.hwp	고용노동부	2019	hwp	amount	8	8	
u_extract_data-000429	extract-data	kind	KIND_OK	samples/외교부/2019/extract-data-000429.hwpx	외교부	2019	hwpx	number	9	9	
u_extract_data-000430	extract-data	kind	KIND_OK	samples/기획재정부/2019/extract-data-000430.hwp	기획재정부	2019	hwp	all	10	10	
u_extract_data-000431	extract-data	kind	KIND_OK	samples/공정거래위원회/2019/extract-data-000431.hwpx	공정거래위원회	2019	hwpx	date	11	11	
u_extract_data-000432	extract-data	kind	COUNT_DRIFT	samples/금융위원회/2019/extract-data-000432.hwp	금융위원회	2019	hwp	amount	0	1	
u_extract_data-000433	extract-data	kind	KIND_UNKNOWN	samples/통계청/2019/extract-data-000433.hwpx	통계청	2019	hwpx	token	1	1	
u_extract_data-000434	extract-data	kind	KIND_OK	samples/기상청/2019/extract-data-000434.hwp	기상청	2019	hwp	date	2	2	
u_extract_data-000435	extract-data	kind	KIND_OK	samples/관세청/2019/extract-data-000435.hwpx	관세청	2019	hwpx	amount	3	3	
u_extract_data-000436	extract-data	kind	KIND_OK	samples/검찰청/2019/extract-data-000436.hwp	검찰청	2019	hwp	number	4	4	
u_extract_data-000437	extract-data	kind	KIND_OK	samples/경찰청/2019/extract-data-000437.hwpx	경찰청	2019	hwpx	all	5	5	
u_extract_data-000438	extract-data	kind	KIND_OK	samples/소방청/2019/extract-data-000438.hwp	소방청	2019	hwp	date	6	6	
u_extract_data-000439	extract-data	kind	COUNT_DRIFT	samples/병무청/2019/extract-data-000439.hwpx	병무청	2019	hwpx	amount	7	8	
u_extract_data-000440	extract-data	kind	KIND_UNKNOWN	samples/산림청/2019/extract-data-000440.hwp	산림청	2019	hwp	token	8	8	
u_extract_data-000441	extract-data	kind	KIND_OK	samples/중소벤처기업부/2019/extract-data-000441.hwpx	중소벤처기업부	2019	hwpx	date	9	9	
u_extract_data-000442	extract-data	kind	KIND_OK	samples/과학기술정보통신부/2019/extract-data-000442.hwp	과학기술정보통신부	2019	hwp	amount	10	10	
u_extract_data-000443	extract-data	kind	KIND_OK	samples/문화체육관광부/2019/extract-data-000443.hwpx	문화체육관광부	2019	hwpx	number	11	11	
u_extract_data-000444	extract-data	kind	KIND_OK	samples/환경부/2019/extract-data-000444.hwp	환경부	2019	hwp	all	0	0	
u_extract_data-000445	extract-data	kind	KIND_OK	samples/해양수산부/2019/extract-data-000445.hwpx	해양수산부	2019	hwpx	date	1	1	
u_extract_data-000446	extract-data	kind	COUNT_DRIFT	samples/서울특별시/2019/extract-data-000446.hwp	서울특별시	2019	hwp	amount	2	3	
u_extract_data-000447	extract-data	kind	KIND_UNKNOWN	samples/경기도/2019/extract-data-000447.hwpx	경기도	2019	hwpx	token	3	3	
u_extract_data-000448	extract-data	kind	KIND_OK	samples/부산광역시/2019/extract-data-000448.hwp	부산광역시	2019	hwp	date	4	4	
u_extract_data-000449	extract-data	kind	KIND_OK	samples/제주특별자치도/2019/extract-data-000449.hwpx	제주특별자치도	2019	hwpx	amount	5	5	
u_extract_data-000450	extract-data	kind	KIND_OK	samples/법제처/2020/extract-data-000450.hwp	법제처	2020	hwp	number	6	6	
u_extract_data-000451	extract-data	kind	KIND_OK	samples/행정안전부/2020/extract-data-000451.hwpx	행정안전부	2020	hwpx	all	7	7	
u_extract_data-000452	extract-data	kind	KIND_OK	samples/국세청/2020/extract-data-000452.hwp	국세청	2020	hwp	date	8	8	
u_extract_data-000453	extract-data	kind	COUNT_DRIFT	samples/대법원/2020/extract-data-000453.hwpx	대법원	2020	hwpx	amount	9	10	
u_extract_data-000454	extract-data	kind	KIND_UNKNOWN	samples/특허청/2020/extract-data-000454.hwp	특허청	2020	hwp	token	10	10	
u_extract_data-000455	extract-data	kind	KIND_OK	samples/교육부/2020/extract-data-000455.hwpx	교육부	2020	hwpx	date	11	11	
u_extract_data-000456	extract-data	kind	KIND_OK	samples/보건복지부/2020/extract-data-000456.hwp	보건복지부	2020	hwp	amount	0	0	
u_extract_data-000457	extract-data	kind	KIND_OK	samples/국토교통부/2020/extract-data-000457.hwpx	국토교통부	2020	hwpx	number	1	1	
u_extract_data-000458	extract-data	kind	KIND_OK	samples/고용노동부/2020/extract-data-000458.hwp	고용노동부	2020	hwp	all	2	2	
u_extract_data-000459	extract-data	kind	KIND_OK	samples/외교부/2020/extract-data-000459.hwpx	외교부	2020	hwpx	date	3	3	
u_extract_data-000460	extract-data	kind	COUNT_DRIFT	samples/기획재정부/2020/extract-data-000460.hwp	기획재정부	2020	hwp	amount	4	5	
u_extract_data-000461	extract-data	kind	KIND_UNKNOWN	samples/공정거래위원회/2020/extract-data-000461.hwpx	공정거래위원회	2020	hwpx	token	5	5	
u_extract_data-000462	extract-data	kind	KIND_OK	samples/금융위원회/2020/extract-data-000462.hwp	금융위원회	2020	hwp	date	6	6	
u_extract_data-000463	extract-data	kind	KIND_OK	samples/통계청/2020/extract-data-000463.hwpx	통계청	2020	hwpx	amount	7	7	
u_extract_data-000464	extract-data	kind	KIND_OK	samples/기상청/2020/extract-data-000464.hwp	기상청	2020	hwp	number	8	8	
u_extract_data-000465	extract-data	kind	KIND_OK	samples/관세청/2020/extract-data-000465.hwpx	관세청	2020	hwpx	all	9	9	
u_extract_data-000466	extract-data	kind	KIND_OK	samples/검찰청/2020/extract-data-000466.hwp	검찰청	2020	hwp	date	10	10	
u_extract_data-000467	extract-data	kind	COUNT_DRIFT	samples/경찰청/2020/extract-data-000467.hwpx	경찰청	2020	hwpx	amount	11	12	
u_extract_data-000468	extract-data	kind	KIND_UNKNOWN	samples/소방청/2020/extract-data-000468.hwp	소방청	2020	hwp	token	0	0	
u_extract_data-000469	extract-data	kind	KIND_OK	samples/병무청/2020/extract-data-000469.hwpx	병무청	2020	hwpx	date	1	1	
u_extract_data-000470	extract-data	kind	KIND_OK	samples/산림청/2020/extract-data-000470.hwp	산림청	2020	hwp	amount	2	2	
u_extract_data-000471	extract-data	kind	KIND_OK	samples/중소벤처기업부/2020/extract-data-000471.hwpx	중소벤처기업부	2020	hwpx	number	3	3	
u_extract_data-000472	extract-data	kind	KIND_OK	samples/과학기술정보통신부/2020/extract-data-000472.hwp	과학기술정보통신부	2020	hwp	all	4	4	
u_extract_data-000473	extract-data	kind	KIND_OK	samples/문화체육관광부/2020/extract-data-000473.hwpx	문화체육관광부	2020	hwpx	date	5	5	
u_extract_data-000474	extract-data	kind	COUNT_DRIFT	samples/환경부/2020/extract-data-000474.hwp	환경부	2020	hwp	amount	6	7	
u_extract_data-000475	extract-data	kind	KIND_UNKNOWN	samples/해양수산부/2020/extract-data-000475.hwpx	해양수산부	2020	hwpx	token	7	7	
u_extract_data-000476	extract-data	kind	KIND_OK	samples/서울특별시/2020/extract-data-000476.hwp	서울특별시	2020	hwp	date	8	8	
u_extract_data-000477	extract-data	kind	KIND_OK	samples/경기도/2020/extract-data-000477.hwpx	경기도	2020	hwpx	amount	9	9	
u_extract_data-000478	extract-data	kind	KIND_OK	samples/부산광역시/2020/extract-data-000478.hwp	부산광역시	2020	hwp	number	10	10	
u_extract_data-000479	extract-data	kind	KIND_OK	samples/제주특별자치도/2020/extract-data-000479.hwpx	제주특별자치도	2020	hwpx	all	11	11	
u_extract_data-000480	extract-data	kind	KIND_OK	samples/법제처/2021/extract-data-000480.hwp	법제처	2021	hwp	date	0	0	
u_extract_data-000481	extract-data	kind	COUNT_DRIFT	samples/행정안전부/2021/extract-data-000481.hwpx	행정안전부	2021	hwpx	amount	1	2	
u_extract_data-000482	extract-data	kind	KIND_UNKNOWN	samples/국세청/2021/extract-data-000482.hwp	국세청	2021	hwp	token	2	2	
u_extract_data-000483	extract-data	kind	KIND_OK	samples/대법원/2021/extract-data-000483.hwpx	대법원	2021	hwpx	date	3	3	
u_extract_data-000484	extract-data	kind	KIND_OK	samples/특허청/2021/extract-data-000484.hwp	특허청	2021	hwp	amount	4	4	
u_extract_data-000485	extract-data	kind	KIND_OK	samples/교육부/2021/extract-data-000485.hwpx	교육부	2021	hwpx	number	5	5	
u_extract_data-000486	extract-data	kind	KIND_OK	samples/보건복지부/2021/extract-data-000486.hwp	보건복지부	2021	hwp	all	6	6	
u_extract_data-000487	extract-data	kind	KIND_OK	samples/국토교통부/2021/extract-data-000487.hwpx	국토교통부	2021	hwpx	date	7	7	
u_extract_data-000488	extract-data	kind	COUNT_DRIFT	samples/고용노동부/2021/extract-data-000488.hwp	고용노동부	2021	hwp	amount	8	9	
u_extract_data-000489	extract-data	kind	KIND_UNKNOWN	samples/외교부/2021/extract-data-000489.hwpx	외교부	2021	hwpx	token	9	9	
u_extract_data-000490	extract-data	kind	KIND_OK	samples/기획재정부/2021/extract-data-000490.hwp	기획재정부	2021	hwp	date	10	10	
u_extract_data-000491	extract-data	kind	KIND_OK	samples/공정거래위원회/2021/extract-data-000491.hwpx	공정거래위원회	2021	hwpx	amount	11	11	
u_extract_data-000492	extract-data	kind	KIND_OK	samples/금융위원회/2021/extract-data-000492.hwp	금융위원회	2021	hwp	number	0	0	
u_extract_data-000493	extract-data	kind	KIND_OK	samples/통계청/2021/extract-data-000493.hwpx	통계청	2021	hwpx	all	1	1	
u_extract_data-000494	extract-data	kind	KIND_OK	samples/기상청/2021/extract-data-000494.hwp	기상청	2021	hwp	date	2	2	
u_extract_data-000495	extract-data	kind	COUNT_DRIFT	samples/관세청/2021/extract-data-000495.hwpx	관세청	2021	hwpx	amount	3	4	
u_extract_data-000496	extract-data	kind	KIND_UNKNOWN	samples/검찰청/2021/extract-data-000496.hwp	검찰청	2021	hwp	token	4	4	
u_extract_data-000497	extract-data	kind	KIND_OK	samples/경찰청/2021/extract-data-000497.hwpx	경찰청	2021	hwpx	date	5	5	
u_extract_data-000498	extract-data	kind	KIND_OK	samples/소방청/2021/extract-data-000498.hwp	소방청	2021	hwp	amount	6	6	
u_extract_data-000499	extract-data	kind	KIND_OK	samples/병무청/2021/extract-data-000499.hwpx	병무청	2021	hwpx	number	7	7	
u_extract_data-000500	extract-data	kind	KIND_OK	samples/산림청/2021/extract-data-000500.hwp	산림청	2021	hwp	all	8	8	
u_extract_data-000501	extract-data	kind	KIND_OK	samples/중소벤처기업부/2021/extract-data-000501.hwpx	중소벤처기업부	2021	hwpx	date	9	9	
u_extract_data-000502	extract-data	kind	COUNT_DRIFT	samples/과학기술정보통신부/2021/extract-data-000502.hwp	과학기술정보통신부	2021	hwp	amount	10	11	
u_extract_data-000503	extract-data	kind	KIND_UNKNOWN	samples/문화체육관광부/2021/extract-data-000503.hwpx	문화체육관광부	2021	hwpx	token	11	11	
u_extract_data-000504	extract-data	kind	KIND_OK	samples/환경부/2021/extract-data-000504.hwp	환경부	2021	hwp	date	0	0	
u_extract_data-000505	extract-data	kind	KIND_OK	samples/해양수산부/2021/extract-data-000505.hwpx	해양수산부	2021	hwpx	amount	1	1	
u_extract_data-000506	extract-data	kind	KIND_OK	samples/서울특별시/2021/extract-data-000506.hwp	서울특별시	2021	hwp	number	2	2	
u_extract_data-000507	extract-data	kind	KIND_OK	samples/경기도/2021/extract-data-000507.hwpx	경기도	2021	hwpx	all	3	3	
u_extract_data-000508	extract-data	kind	KIND_OK	samples/부산광역시/2021/extract-data-000508.hwp	부산광역시	2021	hwp	date	4	4	
u_extract_data-000509	extract-data	kind	COUNT_DRIFT	samples/제주특별자치도/2021/extract-data-000509.hwpx	제주특별자치도	2021	hwpx	amount	5	6	
u_extract_data-000510	extract-data	kind	KIND_UNKNOWN	samples/법제처/2022/extract-data-000510.hwp	법제처	2022	hwp	token	6	6	
u_extract_data-000511	extract-data	kind	KIND_OK	samples/행정안전부/2022/extract-data-000511.hwpx	행정안전부	2022	hwpx	date	7	7	
u_extract_data-000512	extract-data	kind	KIND_OK	samples/국세청/2022/extract-data-000512.hwp	국세청	2022	hwp	amount	8	8	
u_extract_data-000513	extract-data	kind	KIND_OK	samples/대법원/2022/extract-data-000513.hwpx	대법원	2022	hwpx	number	9	9	
u_extract_data-000514	extract-data	kind	KIND_OK	samples/특허청/2022/extract-data-000514.hwp	특허청	2022	hwp	all	10	10	
u_extract_data-000515	extract-data	kind	KIND_OK	samples/교육부/2022/extract-data-000515.hwpx	교육부	2022	hwpx	date	11	11	
u_extract_data-000516	extract-data	kind	COUNT_DRIFT	samples/보건복지부/2022/extract-data-000516.hwp	보건복지부	2022	hwp	amount	0	1	
u_extract_data-000517	extract-data	kind	KIND_UNKNOWN	samples/국토교통부/2022/extract-data-000517.hwpx	국토교통부	2022	hwpx	token	1	1	
u_extract_data-000518	extract-data	kind	KIND_OK	samples/고용노동부/2022/extract-data-000518.hwp	고용노동부	2022	hwp	date	2	2	
u_extract_data-000519	extract-data	kind	KIND_OK	samples/외교부/2022/extract-data-000519.hwpx	외교부	2022	hwpx	amount	3	3	
u_extract_data-000520	extract-data	kind	KIND_OK	samples/기획재정부/2022/extract-data-000520.hwp	기획재정부	2022	hwp	number	4	4	
u_extract_data-000521	extract-data	kind	KIND_OK	samples/공정거래위원회/2022/extract-data-000521.hwpx	공정거래위원회	2022	hwpx	all	5	5	
u_extract_data-000522	extract-data	kind	KIND_OK	samples/금융위원회/2022/extract-data-000522.hwp	금융위원회	2022	hwp	date	6	6	
u_extract_data-000523	extract-data	kind	COUNT_DRIFT	samples/통계청/2022/extract-data-000523.hwpx	통계청	2022	hwpx	amount	7	8	
u_extract_data-000524	extract-data	kind	KIND_UNKNOWN	samples/기상청/2022/extract-data-000524.hwp	기상청	2022	hwp	token	8	8	
u_extract_data-000525	extract-data	kind	KIND_OK	samples/관세청/2022/extract-data-000525.hwpx	관세청	2022	hwpx	date	9	9	
u_extract_data-000526	extract-data	kind	KIND_OK	samples/검찰청/2022/extract-data-000526.hwp	검찰청	2022	hwp	amount	10	10	
u_extract_data-000527	extract-data	kind	KIND_OK	samples/경찰청/2022/extract-data-000527.hwpx	경찰청	2022	hwpx	number	11	11	
u_extract_data-000528	extract-data	kind	KIND_OK	samples/소방청/2022/extract-data-000528.hwp	소방청	2022	hwp	all	0	0	
u_extract_data-000529	extract-data	kind	KIND_OK	samples/병무청/2022/extract-data-000529.hwpx	병무청	2022	hwpx	date	1	1	
u_extract_data-000530	extract-data	kind	COUNT_DRIFT	samples/산림청/2022/extract-data-000530.hwp	산림청	2022	hwp	amount	2	3	
u_extract_data-000531	extract-data	kind	KIND_UNKNOWN	samples/중소벤처기업부/2022/extract-data-000531.hwpx	중소벤처기업부	2022	hwpx	token	3	3	
u_extract_data-000532	extract-data	kind	KIND_OK	samples/과학기술정보통신부/2022/extract-data-000532.hwp	과학기술정보통신부	2022	hwp	date	4	4	
u_extract_data-000533	extract-data	kind	KIND_OK	samples/문화체육관광부/2022/extract-data-000533.hwpx	문화체육관광부	2022	hwpx	amount	5	5	
u_extract_data-000534	extract-data	kind	KIND_OK	samples/환경부/2022/extract-data-000534.hwp	환경부	2022	hwp	number	6	6	
u_extract_data-000535	extract-data	kind	KIND_OK	samples/해양수산부/2022/extract-data-000535.hwpx	해양수산부	2022	hwpx	all	7	7	
u_extract_data-000536	extract-data	kind	KIND_OK	samples/서울특별시/2022/extract-data-000536.hwp	서울특별시	2022	hwp	date	8	8	
u_extract_data-000537	extract-data	kind	COUNT_DRIFT	samples/경기도/2022/extract-data-000537.hwpx	경기도	2022	hwpx	amount	9	10	
u_extract_data-000538	extract-data	kind	KIND_UNKNOWN	samples/부산광역시/2022/extract-data-000538.hwp	부산광역시	2022	hwp	token	10	10	
u_extract_data-000539	extract-data	kind	KIND_OK	samples/제주특별자치도/2022/extract-data-000539.hwpx	제주특별자치도	2022	hwpx	date	11	11	
u_extract_data-000540	extract-data	kind	KIND_OK	samples/법제처/2023/extract-data-000540.hwp	법제처	2023	hwp	amount	0	0	
u_extract_data-000541	extract-data	kind	KIND_OK	samples/행정안전부/2023/extract-data-000541.hwpx	행정안전부	2023	hwpx	number	1	1	
u_extract_data-000542	extract-data	kind	KIND_OK	samples/국세청/2023/extract-data-000542.hwp	국세청	2023	hwp	all	2	2	
u_extract_data-000543	extract-data	kind	KIND_OK	samples/대법원/2023/extract-data-000543.hwpx	대법원	2023	hwpx	date	3	3	
u_extract_data-000544	extract-data	kind	COUNT_DRIFT	samples/특허청/2023/extract-data-000544.hwp	특허청	2023	hwp	amount	4	5	
u_extract_data-000545	extract-data	kind	KIND_UNKNOWN	samples/교육부/2023/extract-data-000545.hwpx	교육부	2023	hwpx	token	5	5	
u_extract_data-000546	extract-data	kind	KIND_OK	samples/보건복지부/2023/extract-data-000546.hwp	보건복지부	2023	hwp	date	6	6	
u_extract_data-000547	extract-data	kind	KIND_OK	samples/국토교통부/2023/extract-data-000547.hwpx	국토교통부	2023	hwpx	amount	7	7	
u_extract_data-000548	extract-data	kind	KIND_OK	samples/고용노동부/2023/extract-data-000548.hwp	고용노동부	2023	hwp	number	8	8	
u_extract_data-000549	extract-data	kind	KIND_OK	samples/외교부/2023/extract-data-000549.hwpx	외교부	2023	hwpx	all	9	9	
u_extract_data-000550	extract-data	kind	KIND_OK	samples/기획재정부/2023/extract-data-000550.hwp	기획재정부	2023	hwp	date	10	10	
u_extract_data-000551	extract-data	kind	COUNT_DRIFT	samples/공정거래위원회/2023/extract-data-000551.hwpx	공정거래위원회	2023	hwpx	amount	11	12	
u_extract_data-000552	extract-data	kind	KIND_UNKNOWN	samples/금융위원회/2023/extract-data-000552.hwp	금융위원회	2023	hwp	token	0	0	
u_extract_data-000553	extract-data	kind	KIND_OK	samples/통계청/2023/extract-data-000553.hwpx	통계청	2023	hwpx	date	1	1	
u_extract_data-000554	extract-data	kind	KIND_OK	samples/기상청/2023/extract-data-000554.hwp	기상청	2023	hwp	amount	2	2	
u_extract_data-000555	extract-data	kind	KIND_OK	samples/관세청/2023/extract-data-000555.hwpx	관세청	2023	hwpx	number	3	3	
u_extract_data-000556	extract-data	kind	KIND_OK	samples/검찰청/2023/extract-data-000556.hwp	검찰청	2023	hwp	all	4	4	
u_extract_data-000557	extract-data	kind	KIND_OK	samples/경찰청/2023/extract-data-000557.hwpx	경찰청	2023	hwpx	date	5	5	
u_extract_data-000558	extract-data	kind	COUNT_DRIFT	samples/소방청/2023/extract-data-000558.hwp	소방청	2023	hwp	amount	6	7	
u_extract_data-000559	extract-data	kind	KIND_UNKNOWN	samples/병무청/2023/extract-data-000559.hwpx	병무청	2023	hwpx	token	7	7	
u_extract_data-000560	extract-data	kind	KIND_OK	samples/산림청/2023/extract-data-000560.hwp	산림청	2023	hwp	date	8	8	
u_extract_data-000561	extract-data	kind	KIND_OK	samples/중소벤처기업부/2023/extract-data-000561.hwpx	중소벤처기업부	2023	hwpx	amount	9	9	
u_extract_data-000562	extract-data	kind	KIND_OK	samples/과학기술정보통신부/2023/extract-data-000562.hwp	과학기술정보통신부	2023	hwp	number	10	10	
u_extract_data-000563	extract-data	kind	KIND_OK	samples/문화체육관광부/2023/extract-data-000563.hwpx	문화체육관광부	2023	hwpx	all	11	11	
u_extract_data-000564	extract-data	kind	KIND_OK	samples/환경부/2023/extract-data-000564.hwp	환경부	2023	hwp	date	0	0	
u_extract_data-000565	extract-data	kind	COUNT_DRIFT	samples/해양수산부/2023/extract-data-000565.hwpx	해양수산부	2023	hwpx	amount	1	2	
u_extract_data-000566	extract-data	kind	KIND_UNKNOWN	samples/서울특별시/2023/extract-data-000566.hwp	서울특별시	2023	hwp	token	2	2	
u_extract_data-000567	extract-data	kind	KIND_OK	samples/경기도/2023/extract-data-000567.hwpx	경기도	2023	hwpx	date	3	3	
u_extract_data-000568	extract-data	kind	KIND_OK	samples/부산광역시/2023/extract-data-000568.hwp	부산광역시	2023	hwp	amount	4	4	
u_extract_data-000569	extract-data	kind	KIND_OK	samples/제주특별자치도/2023/extract-data-000569.hwpx	제주특별자치도	2023	hwpx	number	5	5	
u_extract_data-000570	extract-data	kind	KIND_OK	samples/법제처/2024/extract-data-000570.hwp	법제처	2024	hwp	all	6	6	
u_extract_data-000571	extract-data	kind	KIND_OK	samples/행정안전부/2024/extract-data-000571.hwpx	행정안전부	2024	hwpx	date	7	7	
u_extract_data-000572	extract-data	kind	COUNT_DRIFT	samples/국세청/2024/extract-data-000572.hwp	국세청	2024	hwp	amount	8	9	
u_extract_data-000573	extract-data	kind	KIND_UNKNOWN	samples/대법원/2024/extract-data-000573.hwpx	대법원	2024	hwpx	token	9	9	
u_extract_data-000574	extract-data	kind	KIND_OK	samples/특허청/2024/extract-data-000574.hwp	특허청	2024	hwp	date	10	10	
u_extract_data-000575	extract-data	kind	KIND_OK	samples/교육부/2024/extract-data-000575.hwpx	교육부	2024	hwpx	amount	11	11	
u_extract_data-000576	extract-data	kind	KIND_OK	samples/보건복지부/2024/extract-data-000576.hwp	보건복지부	2024	hwp	number	0	0	
u_extract_data-000577	extract-data	kind	KIND_OK	samples/국토교통부/2024/extract-data-000577.hwpx	국토교통부	2024	hwpx	all	1	1	
u_extract_data-000578	extract-data	kind	KIND_OK	samples/고용노동부/2024/extract-data-000578.hwp	고용노동부	2024	hwp	date	2	2	
u_extract_data-000579	extract-data	kind	COUNT_DRIFT	samples/외교부/2024/extract-data-000579.hwpx	외교부	2024	hwpx	amount	3	4	
u_extract_data-000580	extract-data	kind	KIND_UNKNOWN	samples/기획재정부/2024/extract-data-000580.hwp	기획재정부	2024	hwp	token	4	4	
u_extract_data-000581	extract-data	kind	KIND_OK	samples/공정거래위원회/2024/extract-data-000581.hwpx	공정거래위원회	2024	hwpx	date	5	5	
u_extract_data-000582	extract-data	kind	KIND_OK	samples/금융위원회/2024/extract-data-000582.hwp	금융위원회	2024	hwp	amount	6	6	
u_extract_data-000583	extract-data	kind	KIND_OK	samples/통계청/2024/extract-data-000583.hwpx	통계청	2024	hwpx	number	7	7	
u_extract_data-000584	extract-data	kind	KIND_OK	samples/기상청/2024/extract-data-000584.hwp	기상청	2024	hwp	all	8	8	
u_extract_data-000585	extract-data	kind	KIND_OK	samples/관세청/2024/extract-data-000585.hwpx	관세청	2024	hwpx	date	9	9	
u_extract_data-000586	extract-data	kind	COUNT_DRIFT	samples/검찰청/2024/extract-data-000586.hwp	검찰청	2024	hwp	amount	10	11	
u_extract_data-000587	extract-data	kind	KIND_UNKNOWN	samples/경찰청/2024/extract-data-000587.hwpx	경찰청	2024	hwpx	token	11	11	
u_extract_data-000588	extract-data	kind	KIND_OK	samples/소방청/2024/extract-data-000588.hwp	소방청	2024	hwp	date	0	0	
u_extract_data-000589	extract-data	kind	KIND_OK	samples/병무청/2024/extract-data-000589.hwpx	병무청	2024	hwpx	amount	1	1	
u_extract_data-000590	extract-data	kind	KIND_OK	samples/산림청/2024/extract-data-000590.hwp	산림청	2024	hwp	number	2	2	
u_extract_data-000591	extract-data	kind	KIND_OK	samples/중소벤처기업부/2024/extract-data-000591.hwpx	중소벤처기업부	2024	hwpx	all	3	3	
u_extract_data-000592	extract-data	kind	KIND_OK	samples/과학기술정보통신부/2024/extract-data-000592.hwp	과학기술정보통신부	2024	hwp	date	4	4	
u_extract_data-000593	extract-data	kind	COUNT_DRIFT	samples/문화체육관광부/2024/extract-data-000593.hwpx	문화체육관광부	2024	hwpx	amount	5	6	
u_extract_data-000594	extract-data	kind	KIND_UNKNOWN	samples/환경부/2024/extract-data-000594.hwp	환경부	2024	hwp	token	6	6	
u_extract_data-000595	extract-data	kind	KIND_OK	samples/해양수산부/2024/extract-data-000595.hwpx	해양수산부	2024	hwpx	date	7	7	
u_extract_data-000596	extract-data	kind	KIND_OK	samples/서울특별시/2024/extract-data-000596.hwp	서울특별시	2024	hwp	amount	8	8	
u_extract_data-000597	extract-data	kind	KIND_OK	samples/경기도/2024/extract-data-000597.hwpx	경기도	2024	hwpx	number	9	9	
u_extract_data-000598	extract-data	kind	KIND_OK	samples/부산광역시/2024/extract-data-000598.hwp	부산광역시	2024	hwp	all	10	10	
u_extract_data-000599	extract-data	kind	KIND_OK	samples/제주특별자치도/2024/extract-data-000599.hwpx	제주특별자치도	2024	hwpx	date	11	11	
u_extract_data-000600	extract-data	kind	COUNT_DRIFT	samples/법제처/2025/extract-data-000600.hwp	법제처	2025	hwp	amount	0	1	
u_extract_data-000601	extract-data	kind	KIND_UNKNOWN	samples/행정안전부/2025/extract-data-000601.hwpx	행정안전부	2025	hwpx	token	1	1	
u_extract_data-000602	extract-data	kind	KIND_OK	samples/국세청/2025/extract-data-000602.hwp	국세청	2025	hwp	date	2	2	
u_extract_data-000603	extract-data	kind	KIND_OK	samples/대법원/2025/extract-data-000603.hwpx	대법원	2025	hwpx	amount	3	3	
u_extract_data-000604	extract-data	kind	KIND_OK	samples/특허청/2025/extract-data-000604.hwp	특허청	2025	hwp	number	4	4	
u_extract_data-000605	extract-data	kind	KIND_OK	samples/교육부/2025/extract-data-000605.hwpx	교육부	2025	hwpx	all	5	5	
u_extract_data-000606	extract-data	kind	KIND_OK	samples/보건복지부/2025/extract-data-000606.hwp	보건복지부	2025	hwp	date	6	6	
u_extract_data-000607	extract-data	kind	COUNT_DRIFT	samples/국토교통부/2025/extract-data-000607.hwpx	국토교통부	2025	hwpx	amount	7	8	
u_extract_data-000608	extract-data	kind	KIND_UNKNOWN	samples/고용노동부/2025/extract-data-000608.hwp	고용노동부	2025	hwp	token	8	8	
u_extract_data-000609	extract-data	kind	KIND_OK	samples/외교부/2025/extract-data-000609.hwpx	외교부	2025	hwpx	date	9	9	
u_extract_data-000610	extract-data	kind	KIND_OK	samples/기획재정부/2025/extract-data-000610.hwp	기획재정부	2025	hwp	amount	10	10	
u_extract_data-000611	extract-data	kind	KIND_OK	samples/공정거래위원회/2025/extract-data-000611.hwpx	공정거래위원회	2025	hwpx	number	11	11	
u_extract_data-000612	extract-data	kind	KIND_OK	samples/금융위원회/2025/extract-data-000612.hwp	금융위원회	2025	hwp	all	0	0	
u_extract_data-000613	extract-data	kind	KIND_OK	samples/통계청/2025/extract-data-000613.hwpx	통계청	2025	hwpx	date	1	1	
u_extract_data-000614	extract-data	kind	COUNT_DRIFT	samples/기상청/2025/extract-data-000614.hwp	기상청	2025	hwp	amount	2	3	
u_extract_data-000615	extract-data	kind	KIND_UNKNOWN	samples/관세청/2025/extract-data-000615.hwpx	관세청	2025	hwpx	token	3	3	
u_extract_data-000616	extract-data	kind	KIND_OK	samples/검찰청/2025/extract-data-000616.hwp	검찰청	2025	hwp	date	4	4	
u_extract_data-000617	extract-data	kind	KIND_OK	samples/경찰청/2025/extract-data-000617.hwpx	경찰청	2025	hwpx	amount	5	5	
u_extract_data-000618	extract-data	kind	KIND_OK	samples/소방청/2025/extract-data-000618.hwp	소방청	2025	hwp	number	6	6	
u_extract_data-000619	extract-data	kind	KIND_OK	samples/병무청/2025/extract-data-000619.hwpx	병무청	2025	hwpx	all	7	7	
u_extract_data-000620	extract-data	kind	KIND_OK	samples/산림청/2025/extract-data-000620.hwp	산림청	2025	hwp	date	8	8	
u_extract_data-000621	extract-data	kind	COUNT_DRIFT	samples/중소벤처기업부/2025/extract-data-000621.hwpx	중소벤처기업부	2025	hwpx	amount	9	10	
u_extract_data-000622	extract-data	kind	KIND_UNKNOWN	samples/과학기술정보통신부/2025/extract-data-000622.hwp	과학기술정보통신부	2025	hwp	token	10	10	
u_extract_data-000623	extract-data	kind	KIND_OK	samples/문화체육관광부/2025/extract-data-000623.hwpx	문화체육관광부	2025	hwpx	date	11	11	
u_extract_data-000624	extract-data	kind	KIND_OK	samples/환경부/2025/extract-data-000624.hwp	환경부	2025	hwp	amount	0	0	
u_extract_data-000625	extract-data	kind	KIND_OK	samples/해양수산부/2025/extract-data-000625.hwpx	해양수산부	2025	hwpx	number	1	1	
u_extract_data-000626	extract-data	kind	KIND_OK	samples/서울특별시/2025/extract-data-000626.hwp	서울특별시	2025	hwp	all	2	2	
u_extract_data-000627	extract-data	kind	KIND_OK	samples/경기도/2025/extract-data-000627.hwpx	경기도	2025	hwpx	date	3	3	
u_extract_data-000628	extract-data	kind	COUNT_DRIFT	samples/부산광역시/2025/extract-data-000628.hwp	부산광역시	2025	hwp	amount	4	5	
u_extract_data-000629	extract-data	kind	KIND_UNKNOWN	samples/제주특별자치도/2025/extract-data-000629.hwpx	제주특별자치도	2025	hwpx	token	5	5	
u_extract_data-000630	extract-data	kind	KIND_OK	samples/법제처/2026/extract-data-000630.hwp	법제처	2026	hwp	date	6	6	
u_extract_data-000631	extract-data	kind	KIND_OK	samples/행정안전부/2026/extract-data-000631.hwpx	행정안전부	2026	hwpx	amount	7	7	
u_extract_data-000632	extract-data	kind	KIND_OK	samples/국세청/2026/extract-data-000632.hwp	국세청	2026	hwp	number	8	8	
u_extract_data-000633	extract-data	kind	KIND_OK	samples/대법원/2026/extract-data-000633.hwpx	대법원	2026	hwpx	all	9	9	
u_extract_data-000634	extract-data	kind	KIND_OK	samples/특허청/2026/extract-data-000634.hwp	특허청	2026	hwp	date	10	10	
u_extract_data-000635	extract-data	kind	COUNT_DRIFT	samples/교육부/2026/extract-data-000635.hwpx	교육부	2026	hwpx	amount	11	12	
u_extract_data-000636	extract-data	kind	KIND_UNKNOWN	samples/보건복지부/2026/extract-data-000636.hwp	보건복지부	2026	hwp	token	0	0	
u_extract_data-000637	extract-data	kind	KIND_OK	samples/국토교통부/2026/extract-data-000637.hwpx	국토교통부	2026	hwpx	date	1	1	
u_extract_data-000638	extract-data	kind	KIND_OK	samples/고용노동부/2026/extract-data-000638.hwp	고용노동부	2026	hwp	amount	2	2	
u_extract_data-000639	extract-data	kind	KIND_OK	samples/외교부/2026/extract-data-000639.hwpx	외교부	2026	hwpx	number	3	3	
u_extract_data-000640	extract-data	kind	KIND_OK	samples/기획재정부/2026/extract-data-000640.hwp	기획재정부	2026	hwp	all	4	4	
u_extract_data-000641	extract-data	kind	KIND_OK	samples/공정거래위원회/2026/extract-data-000641.hwpx	공정거래위원회	2026	hwpx	date	5	5	
u_extract_data-000642	extract-data	kind	COUNT_DRIFT	samples/금융위원회/2026/extract-data-000642.hwp	금융위원회	2026	hwp	amount	6	7	
u_extract_data-000643	extract-data	kind	KIND_UNKNOWN	samples/통계청/2026/extract-data-000643.hwpx	통계청	2026	hwpx	token	7	7	
u_extract_data-000644	extract-data	kind	KIND_OK	samples/기상청/2026/extract-data-000644.hwp	기상청	2026	hwp	date	8	8	
u_extract_data-000645	extract-data	kind	KIND_OK	samples/관세청/2026/extract-data-000645.hwpx	관세청	2026	hwpx	amount	9	9	
u_extract_data-000646	extract-data	kind	KIND_OK	samples/검찰청/2026/extract-data-000646.hwp	검찰청	2026	hwp	number	10	10	
u_extract_data-000647	extract-data	kind	KIND_OK	samples/경찰청/2026/extract-data-000647.hwpx	경찰청	2026	hwpx	all	11	11	
u_extract_data-000648	extract-data	kind	KIND_OK	samples/소방청/2026/extract-data-000648.hwp	소방청	2026	hwp	date	0	0	
u_extract_data-000649	extract-data	kind	COUNT_DRIFT	samples/병무청/2026/extract-data-000649.hwpx	병무청	2026	hwpx	amount	1	2	
u_extract_data-000650	extract-data	kind	KIND_UNKNOWN	samples/산림청/2026/extract-data-000650.hwp	산림청	2026	hwp	token	2	2	
u_extract_data-000651	extract-data	kind	KIND_OK	samples/중소벤처기업부/2026/extract-data-000651.hwpx	중소벤처기업부	2026	hwpx	date	3	3	
u_extract_data-000652	extract-data	kind	KIND_OK	samples/과학기술정보통신부/2026/extract-data-000652.hwp	과학기술정보통신부	2026	hwp	amount	4	4	
u_extract_data-000653	extract-data	kind	KIND_OK	samples/문화체육관광부/2026/extract-data-000653.hwpx	문화체육관광부	2026	hwpx	number	5	5	
u_extract_data-000654	extract-data	kind	KIND_OK	samples/환경부/2026/extract-data-000654.hwp	환경부	2026	hwp	all	6	6	
u_extract_data-000655	extract-data	kind	KIND_OK	samples/해양수산부/2026/extract-data-000655.hwpx	해양수산부	2026	hwpx	date	7	7	
u_extract_data-000656	extract-data	kind	COUNT_DRIFT	samples/서울특별시/2026/extract-data-000656.hwp	서울특별시	2026	hwp	amount	8	9	
u_extract_data-000657	extract-data	kind	KIND_UNKNOWN	samples/경기도/2026/extract-data-000657.hwpx	경기도	2026	hwpx	token	9	9	
u_extract_data-000658	extract-data	kind	KIND_OK	samples/부산광역시/2026/extract-data-000658.hwp	부산광역시	2026	hwp	date	10	10	
u_extract_data-000659	extract-data	kind	KIND_OK	samples/제주특별자치도/2026/extract-data-000659.hwpx	제주특별자치도	2026	hwpx	amount	11	11	
u_extract_data-000660	extract-data	kind	KIND_OK	samples/법제처/2016/extract-data-000660.hwp	법제처	2016	hwp	number	0	0	
u_extract_data-000661	extract-data	kind	KIND_OK	samples/행정안전부/2016/extract-data-000661.hwpx	행정안전부	2016	hwpx	all	1	1	
u_extract_data-000662	extract-data	kind	KIND_OK	samples/국세청/2016/extract-data-000662.hwp	국세청	2016	hwp	date	2	2	
u_extract_data-000663	extract-data	kind	COUNT_DRIFT	samples/대법원/2016/extract-data-000663.hwpx	대법원	2016	hwpx	amount	3	4	
u_extract_data-000664	extract-data	kind	KIND_UNKNOWN	samples/특허청/2016/extract-data-000664.hwp	특허청	2016	hwp	token	4	4	
u_extract_data-000665	extract-data	kind	KIND_OK	samples/교육부/2016/extract-data-000665.hwpx	교육부	2016	hwpx	date	5	5	
u_extract_data-000666	extract-data	kind	KIND_OK	samples/보건복지부/2016/extract-data-000666.hwp	보건복지부	2016	hwp	amount	6	6	
u_extract_data-000667	extract-data	kind	KIND_OK	samples/국토교통부/2016/extract-data-000667.hwpx	국토교통부	2016	hwpx	number	7	7	
u_extract_data-000668	extract-data	kind	KIND_OK	samples/고용노동부/2016/extract-data-000668.hwp	고용노동부	2016	hwp	all	8	8	
u_extract_data-000669	extract-data	kind	KIND_OK	samples/외교부/2016/extract-data-000669.hwpx	외교부	2016	hwpx	date	9	9	
u_extract_data-000670	extract-data	kind	COUNT_DRIFT	samples/기획재정부/2016/extract-data-000670.hwp	기획재정부	2016	hwp	amount	10	11	
u_extract_data-000671	extract-data	kind	KIND_UNKNOWN	samples/공정거래위원회/2016/extract-data-000671.hwpx	공정거래위원회	2016	hwpx	token	11	11	
u_extract_data-000672	extract-data	kind	KIND_OK	samples/금융위원회/2016/extract-data-000672.hwp	금융위원회	2016	hwp	date	0	0	
u_extract_data-000673	extract-data	kind	KIND_OK	samples/통계청/2016/extract-data-000673.hwpx	통계청	2016	hwpx	amount	1	1	
u_extract_data-000674	extract-data	kind	KIND_OK	samples/기상청/2016/extract-data-000674.hwp	기상청	2016	hwp	number	2	2	
u_extract_data-000675	extract-data	kind	KIND_OK	samples/관세청/2016/extract-data-000675.hwpx	관세청	2016	hwpx	all	3	3	
u_extract_data-000676	extract-data	kind	KIND_OK	samples/검찰청/2016/extract-data-000676.hwp	검찰청	2016	hwp	date	4	4	
u_extract_data-000677	extract-data	kind	COUNT_DRIFT	samples/경찰청/2016/extract-data-000677.hwpx	경찰청	2016	hwpx	amount	5	6	
u_extract_data-000678	extract-data	kind	KIND_UNKNOWN	samples/소방청/2016/extract-data-000678.hwp	소방청	2016	hwp	token	6	6	
u_extract_data-000679	extract-data	kind	KIND_OK	samples/병무청/2016/extract-data-000679.hwpx	병무청	2016	hwpx	date	7	7	
u_extract_data-000680	extract-data	kind	KIND_OK	samples/산림청/2016/extract-data-000680.hwp	산림청	2016	hwp	amount	8	8	
u_extract_data-000681	extract-data	kind	KIND_OK	samples/중소벤처기업부/2016/extract-data-000681.hwpx	중소벤처기업부	2016	hwpx	number	9	9	
u_extract_data-000682	extract-data	kind	KIND_OK	samples/과학기술정보통신부/2016/extract-data-000682.hwp	과학기술정보통신부	2016	hwp	all	10	10	
u_extract_data-000683	extract-data	kind	KIND_OK	samples/문화체육관광부/2016/extract-data-000683.hwpx	문화체육관광부	2016	hwpx	date	11	11	
u_extract_data-000684	extract-data	kind	COUNT_DRIFT	samples/환경부/2016/extract-data-000684.hwp	환경부	2016	hwp	amount	0	1	
u_extract_data-000685	extract-data	kind	KIND_UNKNOWN	samples/해양수산부/2016/extract-data-000685.hwpx	해양수산부	2016	hwpx	token	1	1	
u_extract_data-000686	extract-data	kind	KIND_OK	samples/서울특별시/2016/extract-data-000686.hwp	서울특별시	2016	hwp	date	2	2	
u_extract_data-000687	extract-data	kind	KIND_OK	samples/경기도/2016/extract-data-000687.hwpx	경기도	2016	hwpx	amount	3	3	
u_extract_data-000688	extract-data	kind	KIND_OK	samples/부산광역시/2016/extract-data-000688.hwp	부산광역시	2016	hwp	number	4	4	
u_extract_data-000689	extract-data	kind	KIND_OK	samples/제주특별자치도/2016/extract-data-000689.hwpx	제주특별자치도	2016	hwpx	all	5	5	
u_extract_data-000690	extract-data	kind	KIND_OK	samples/법제처/2017/extract-data-000690.hwp	법제처	2017	hwp	date	6	6	
u_extract_data-000691	extract-data	kind	COUNT_DRIFT	samples/행정안전부/2017/extract-data-000691.hwpx	행정안전부	2017	hwpx	amount	7	8	
u_extract_data-000692	extract-data	kind	KIND_UNKNOWN	samples/국세청/2017/extract-data-000692.hwp	국세청	2017	hwp	token	8	8	
u_extract_data-000693	extract-data	kind	KIND_OK	samples/대법원/2017/extract-data-000693.hwpx	대법원	2017	hwpx	date	9	9	
u_extract_data-000694	extract-data	kind	KIND_OK	samples/특허청/2017/extract-data-000694.hwp	특허청	2017	hwp	amount	10	10	
u_extract_data-000695	extract-data	kind	KIND_OK	samples/교육부/2017/extract-data-000695.hwpx	교육부	2017	hwpx	number	11	11	
u_extract_data-000696	extract-data	kind	KIND_OK	samples/보건복지부/2017/extract-data-000696.hwp	보건복지부	2017	hwp	all	0	0	
u_extract_data-000697	extract-data	kind	KIND_OK	samples/국토교통부/2017/extract-data-000697.hwpx	국토교통부	2017	hwpx	date	1	1	
u_extract_data-000698	extract-data	kind	COUNT_DRIFT	samples/고용노동부/2017/extract-data-000698.hwp	고용노동부	2017	hwp	amount	2	3	
u_extract_data-000699	extract-data	kind	KIND_UNKNOWN	samples/외교부/2017/extract-data-000699.hwpx	외교부	2017	hwpx	token	3	3	
u_extract_data-000700	extract-data	kind	KIND_OK	samples/기획재정부/2017/extract-data-000700.hwp	기획재정부	2017	hwp	date	4	4	
u_extract_data-000701	extract-data	kind	KIND_OK	samples/공정거래위원회/2017/extract-data-000701.hwpx	공정거래위원회	2017	hwpx	amount	5	5	
u_extract_data-000702	extract-data	kind	KIND_OK	samples/금융위원회/2017/extract-data-000702.hwp	금융위원회	2017	hwp	number	6	6	
u_extract_data-000703	extract-data	kind	KIND_OK	samples/통계청/2017/extract-data-000703.hwpx	통계청	2017	hwpx	all	7	7	
u_extract_data-000704	extract-data	kind	KIND_OK	samples/기상청/2017/extract-data-000704.hwp	기상청	2017	hwp	date	8	8	
u_extract_data-000705	extract-data	kind	COUNT_DRIFT	samples/관세청/2017/extract-data-000705.hwpx	관세청	2017	hwpx	amount	9	10	
u_extract_data-000706	extract-data	kind	KIND_UNKNOWN	samples/검찰청/2017/extract-data-000706.hwp	검찰청	2017	hwp	token	10	10	
u_extract_data-000707	extract-data	kind	KIND_OK	samples/경찰청/2017/extract-data-000707.hwpx	경찰청	2017	hwpx	date	11	11	
u_extract_data-000708	extract-data	kind	KIND_OK	samples/소방청/2017/extract-data-000708.hwp	소방청	2017	hwp	amount	0	0	
u_extract_data-000709	extract-data	kind	KIND_OK	samples/병무청/2017/extract-data-000709.hwpx	병무청	2017	hwpx	number	1	1	
u_extract_data-000710	extract-data	kind	KIND_OK	samples/산림청/2017/extract-data-000710.hwp	산림청	2017	hwp	all	2	2	
u_extract_data-000711	extract-data	kind	KIND_OK	samples/중소벤처기업부/2017/extract-data-000711.hwpx	중소벤처기업부	2017	hwpx	date	3	3	
u_extract_data-000712	extract-data	kind	COUNT_DRIFT	samples/과학기술정보통신부/2017/extract-data-000712.hwp	과학기술정보통신부	2017	hwp	amount	4	5	
u_extract_data-000713	extract-data	kind	KIND_UNKNOWN	samples/문화체육관광부/2017/extract-data-000713.hwpx	문화체육관광부	2017	hwpx	token	5	5	
u_extract_data-000714	extract-data	kind	KIND_OK	samples/환경부/2017/extract-data-000714.hwp	환경부	2017	hwp	date	6	6	
u_extract_data-000715	extract-data	kind	KIND_OK	samples/해양수산부/2017/extract-data-000715.hwpx	해양수산부	2017	hwpx	amount	7	7	
u_extract_data-000716	extract-data	kind	KIND_OK	samples/서울특별시/2017/extract-data-000716.hwp	서울특별시	2017	hwp	number	8	8	
u_extract_data-000717	extract-data	kind	KIND_OK	samples/경기도/2017/extract-data-000717.hwpx	경기도	2017	hwpx	all	9	9	
u_extract_data-000718	extract-data	kind	KIND_OK	samples/부산광역시/2017/extract-data-000718.hwp	부산광역시	2017	hwp	date	10	10	
u_extract_data-000719	extract-data	kind	COUNT_DRIFT	samples/제주특별자치도/2017/extract-data-000719.hwpx	제주특별자치도	2017	hwpx	amount	11	12	
u_extract_data-000720	extract-data	kind	KIND_UNKNOWN	samples/법제처/2018/extract-data-000720.hwp	법제처	2018	hwp	token	0	0	
u_extract_data-000721	extract-data	kind	KIND_OK	samples/행정안전부/2018/extract-data-000721.hwpx	행정안전부	2018	hwpx	date	1	1	
u_extract_data-000722	extract-data	kind	KIND_OK	samples/국세청/2018/extract-data-000722.hwp	국세청	2018	hwp	amount	2	2	
u_extract_data-000723	extract-data	kind	KIND_OK	samples/대법원/2018/extract-data-000723.hwpx	대법원	2018	hwpx	number	3	3	
u_extract_data-000724	extract-data	kind	KIND_OK	samples/특허청/2018/extract-data-000724.hwp	특허청	2018	hwp	all	4	4	
u_extract_data-000725	extract-data	kind	KIND_OK	samples/교육부/2018/extract-data-000725.hwpx	교육부	2018	hwpx	date	5	5	
u_extract_data-000726	extract-data	kind	COUNT_DRIFT	samples/보건복지부/2018/extract-data-000726.hwp	보건복지부	2018	hwp	amount	6	7	
u_extract_data-000727	extract-data	kind	KIND_UNKNOWN	samples/국토교통부/2018/extract-data-000727.hwpx	국토교통부	2018	hwpx	token	7	7	
u_extract_data-000728	extract-data	kind	KIND_OK	samples/고용노동부/2018/extract-data-000728.hwp	고용노동부	2018	hwp	date	8	8	
u_extract_data-000729	extract-data	kind	KIND_OK	samples/외교부/2018/extract-data-000729.hwpx	외교부	2018	hwpx	amount	9	9	
u_extract_data-000730	extract-data	kind	KIND_OK	samples/기획재정부/2018/extract-data-000730.hwp	기획재정부	2018	hwp	number	10	10	
u_extract_data-000731	extract-data	kind	KIND_OK	samples/공정거래위원회/2018/extract-data-000731.hwpx	공정거래위원회	2018	hwpx	all	11	11	
u_extract_data-000732	extract-data	kind	KIND_OK	samples/금융위원회/2018/extract-data-000732.hwp	금융위원회	2018	hwp	date	0	0	
u_extract_data-000733	extract-data	kind	COUNT_DRIFT	samples/통계청/2018/extract-data-000733.hwpx	통계청	2018	hwpx	amount	1	2	
u_extract_data-000734	extract-data	kind	KIND_UNKNOWN	samples/기상청/2018/extract-data-000734.hwp	기상청	2018	hwp	token	2	2	
u_extract_data-000735	extract-data	kind	KIND_OK	samples/관세청/2018/extract-data-000735.hwpx	관세청	2018	hwpx	date	3	3	
u_extract_data-000736	extract-data	kind	KIND_OK	samples/검찰청/2018/extract-data-000736.hwp	검찰청	2018	hwp	amount	4	4	
u_extract_data-000737	extract-data	kind	KIND_OK	samples/경찰청/2018/extract-data-000737.hwpx	경찰청	2018	hwpx	number	5	5	
u_extract_data-000738	extract-data	kind	KIND_OK	samples/소방청/2018/extract-data-000738.hwp	소방청	2018	hwp	all	6	6	
u_extract_data-000739	extract-data	kind	KIND_OK	samples/병무청/2018/extract-data-000739.hwpx	병무청	2018	hwpx	date	7	7	
u_extract_data-000740	extract-data	kind	COUNT_DRIFT	samples/산림청/2018/extract-data-000740.hwp	산림청	2018	hwp	amount	8	9	
u_extract_data-000741	extract-data	kind	KIND_UNKNOWN	samples/중소벤처기업부/2018/extract-data-000741.hwpx	중소벤처기업부	2018	hwpx	token	9	9	
u_extract_data-000742	extract-data	kind	KIND_OK	samples/과학기술정보통신부/2018/extract-data-000742.hwp	과학기술정보통신부	2018	hwp	date	10	10	
u_extract_data-000743	extract-data	kind	KIND_OK	samples/문화체육관광부/2018/extract-data-000743.hwpx	문화체육관광부	2018	hwpx	amount	11	11	
u_extract_data-000744	extract-data	kind	KIND_OK	samples/환경부/2018/extract-data-000744.hwp	환경부	2018	hwp	number	0	0	
u_extract_data-000745	extract-data	kind	KIND_OK	samples/해양수산부/2018/extract-data-000745.hwpx	해양수산부	2018	hwpx	all	1	1	
u_extract_data-000746	extract-data	kind	KIND_OK	samples/서울특별시/2018/extract-data-000746.hwp	서울특별시	2018	hwp	date	2	2	
u_extract_data-000747	extract-data	kind	COUNT_DRIFT	samples/경기도/2018/extract-data-000747.hwpx	경기도	2018	hwpx	amount	3	4	
u_extract_data-000748	extract-data	kind	KIND_UNKNOWN	samples/부산광역시/2018/extract-data-000748.hwp	부산광역시	2018	hwp	token	4	4	
u_extract_data-000749	extract-data	kind	KIND_OK	samples/제주특별자치도/2018/extract-data-000749.hwpx	제주특별자치도	2018	hwpx	date	5	5	
u_extract_data-000750	extract-data	kind	KIND_OK	samples/법제처/2019/extract-data-000750.hwp	법제처	2019	hwp	amount	6	6	
u_extract_data-000751	extract-data	kind	KIND_OK	samples/행정안전부/2019/extract-data-000751.hwpx	행정안전부	2019	hwpx	number	7	7	
u_extract_data-000752	extract-data	kind	KIND_OK	samples/국세청/2019/extract-data-000752.hwp	국세청	2019	hwp	all	8	8	
u_extract_data-000753	extract-data	kind	KIND_OK	samples/대법원/2019/extract-data-000753.hwpx	대법원	2019	hwpx	date	9	9	
u_extract_data-000754	extract-data	kind	COUNT_DRIFT	samples/특허청/2019/extract-data-000754.hwp	특허청	2019	hwp	amount	10	11	
u_extract_data-000755	extract-data	kind	KIND_UNKNOWN	samples/교육부/2019/extract-data-000755.hwpx	교육부	2019	hwpx	token	11	11	
u_extract_data-000756	extract-data	kind	KIND_OK	samples/보건복지부/2019/extract-data-000756.hwp	보건복지부	2019	hwp	date	0	0	
u_extract_data-000757	extract-data	kind	KIND_OK	samples/국토교통부/2019/extract-data-000757.hwpx	국토교통부	2019	hwpx	amount	1	1	
u_extract_data-000758	extract-data	kind	KIND_OK	samples/고용노동부/2019/extract-data-000758.hwp	고용노동부	2019	hwp	number	2	2	
u_extract_data-000759	extract-data	kind	KIND_OK	samples/외교부/2019/extract-data-000759.hwpx	외교부	2019	hwpx	all	3	3	
u_extract_data-000760	extract-data	kind	KIND_OK	samples/기획재정부/2019/extract-data-000760.hwp	기획재정부	2019	hwp	date	4	4	
u_extract_data-000761	extract-data	kind	COUNT_DRIFT	samples/공정거래위원회/2019/extract-data-000761.hwpx	공정거래위원회	2019	hwpx	amount	5	6	
u_extract_data-000762	extract-data	kind	KIND_UNKNOWN	samples/금융위원회/2019/extract-data-000762.hwp	금융위원회	2019	hwp	token	6	6	
u_extract_data-000763	extract-data	kind	KIND_OK	samples/통계청/2019/extract-data-000763.hwpx	통계청	2019	hwpx	date	7	7	
u_extract_data-000764	extract-data	kind	KIND_OK	samples/기상청/2019/extract-data-000764.hwp	기상청	2019	hwp	amount	8	8	
u_extract_data-000765	extract-data	kind	KIND_OK	samples/관세청/2019/extract-data-000765.hwpx	관세청	2019	hwpx	number	9	9	
u_extract_data-000766	extract-data	kind	KIND_OK	samples/검찰청/2019/extract-data-000766.hwp	검찰청	2019	hwp	all	10	10	
u_extract_data-000767	extract-data	kind	KIND_OK	samples/경찰청/2019/extract-data-000767.hwpx	경찰청	2019	hwpx	date	11	11	
u_extract_data-000768	extract-data	kind	COUNT_DRIFT	samples/소방청/2019/extract-data-000768.hwp	소방청	2019	hwp	amount	0	1	
u_extract_data-000769	extract-data	kind	KIND_UNKNOWN	samples/병무청/2019/extract-data-000769.hwpx	병무청	2019	hwpx	token	1	1	
u_extract_data-000770	extract-data	kind	KIND_OK	samples/산림청/2019/extract-data-000770.hwp	산림청	2019	hwp	date	2	2	
u_extract_data-000771	extract-data	kind	KIND_OK	samples/중소벤처기업부/2019/extract-data-000771.hwpx	중소벤처기업부	2019	hwpx	amount	3	3	
u_extract_data-000772	extract-data	kind	KIND_OK	samples/과학기술정보통신부/2019/extract-data-000772.hwp	과학기술정보통신부	2019	hwp	number	4	4	
u_extract_data-000773	extract-data	kind	KIND_OK	samples/문화체육관광부/2019/extract-data-000773.hwpx	문화체육관광부	2019	hwpx	all	5	5	
u_extract_data-000774	extract-data	kind	KIND_OK	samples/환경부/2019/extract-data-000774.hwp	환경부	2019	hwp	date	6	6	
u_extract_data-000775	extract-data	kind	COUNT_DRIFT	samples/해양수산부/2019/extract-data-000775.hwpx	해양수산부	2019	hwpx	amount	7	8	
u_extract_data-000776	extract-data	kind	KIND_UNKNOWN	samples/서울특별시/2019/extract-data-000776.hwp	서울특별시	2019	hwp	token	8	8	
u_extract_data-000777	extract-data	kind	KIND_OK	samples/경기도/2019/extract-data-000777.hwpx	경기도	2019	hwpx	date	9	9	
u_extract_data-000778	extract-data	kind	KIND_OK	samples/부산광역시/2019/extract-data-000778.hwp	부산광역시	2019	hwp	amount	10	10	
u_extract_data-000779	extract-data	kind	KIND_OK	samples/제주특별자치도/2019/extract-data-000779.hwpx	제주특별자치도	2019	hwpx	number	11	11	
u_extract_data-000780	extract-data	kind	KIND_OK	samples/법제처/2020/extract-data-000780.hwp	법제처	2020	hwp	all	0	0	
u_extract_data-000781	extract-data	kind	KIND_OK	samples/행정안전부/2020/extract-data-000781.hwpx	행정안전부	2020	hwpx	date	1	1	
u_extract_data-000782	extract-data	kind	COUNT_DRIFT	samples/국세청/2020/extract-data-000782.hwp	국세청	2020	hwp	amount	2	3	
u_extract_data-000783	extract-data	kind	KIND_UNKNOWN	samples/대법원/2020/extract-data-000783.hwpx	대법원	2020	hwpx	token	3	3	
u_extract_data-000784	extract-data	kind	KIND_OK	samples/특허청/2020/extract-data-000784.hwp	특허청	2020	hwp	date	4	4	
u_extract_data-000785	extract-data	kind	KIND_OK	samples/교육부/2020/extract-data-000785.hwpx	교육부	2020	hwpx	amount	5	5	
u_extract_data-000786	extract-data	kind	KIND_OK	samples/보건복지부/2020/extract-data-000786.hwp	보건복지부	2020	hwp	number	6	6	
u_extract_data-000787	extract-data	kind	KIND_OK	samples/국토교통부/2020/extract-data-000787.hwpx	국토교통부	2020	hwpx	all	7	7	
u_extract_data-000788	extract-data	kind	KIND_OK	samples/고용노동부/2020/extract-data-000788.hwp	고용노동부	2020	hwp	date	8	8	
u_extract_data-000789	extract-data	kind	COUNT_DRIFT	samples/외교부/2020/extract-data-000789.hwpx	외교부	2020	hwpx	amount	9	10	
u_extract_data-000790	extract-data	kind	KIND_UNKNOWN	samples/기획재정부/2020/extract-data-000790.hwp	기획재정부	2020	hwp	token	10	10	
u_extract_data-000791	extract-data	kind	KIND_OK	samples/공정거래위원회/2020/extract-data-000791.hwpx	공정거래위원회	2020	hwpx	date	11	11	
u_extract_data-000792	extract-data	kind	KIND_OK	samples/금융위원회/2020/extract-data-000792.hwp	금융위원회	2020	hwp	amount	0	0	
u_extract_data-000793	extract-data	kind	KIND_OK	samples/통계청/2020/extract-data-000793.hwpx	통계청	2020	hwpx	number	1	1	
u_extract_data-000794	extract-data	kind	KIND_OK	samples/기상청/2020/extract-data-000794.hwp	기상청	2020	hwp	all	2	2	
u_extract_data-000795	extract-data	kind	KIND_OK	samples/관세청/2020/extract-data-000795.hwpx	관세청	2020	hwpx	date	3	3	
u_extract_data-000796	extract-data	kind	COUNT_DRIFT	samples/검찰청/2020/extract-data-000796.hwp	검찰청	2020	hwp	amount	4	5	
u_extract_data-000797	extract-data	kind	KIND_UNKNOWN	samples/경찰청/2020/extract-data-000797.hwpx	경찰청	2020	hwpx	token	5	5	
u_extract_data-000798	extract-data	kind	KIND_OK	samples/소방청/2020/extract-data-000798.hwp	소방청	2020	hwp	date	6	6	
u_extract_data-000799	extract-data	kind	KIND_OK	samples/병무청/2020/extract-data-000799.hwpx	병무청	2020	hwpx	amount	7	7	
u_extract_data-000800	extract-data	kind	KIND_OK	samples/산림청/2020/extract-data-000800.hwp	산림청	2020	hwp	number	8	8	
u_extract_data-000801	extract-data	kind	KIND_OK	samples/중소벤처기업부/2020/extract-data-000801.hwpx	중소벤처기업부	2020	hwpx	all	9	9	
u_extract_data-000802	extract-data	kind	KIND_OK	samples/과학기술정보통신부/2020/extract-data-000802.hwp	과학기술정보통신부	2020	hwp	date	10	10	
u_extract_data-000803	extract-data	kind	COUNT_DRIFT	samples/문화체육관광부/2020/extract-data-000803.hwpx	문화체육관광부	2020	hwpx	amount	11	12	
u_extract_data-000804	extract-data	kind	KIND_UNKNOWN	samples/환경부/2020/extract-data-000804.hwp	환경부	2020	hwp	token	0	0	
u_extract_data-000805	extract-data	kind	KIND_OK	samples/해양수산부/2020/extract-data-000805.hwpx	해양수산부	2020	hwpx	date	1	1	
u_extract_data-000806	extract-data	kind	KIND_OK	samples/서울특별시/2020/extract-data-000806.hwp	서울특별시	2020	hwp	amount	2	2	
u_extract_data-000807	extract-data	kind	KIND_OK	samples/경기도/2020/extract-data-000807.hwpx	경기도	2020	hwpx	number	3	3	
u_extract_data-000808	extract-data	kind	KIND_OK	samples/부산광역시/2020/extract-data-000808.hwp	부산광역시	2020	hwp	all	4	4	
u_extract_data-000809	extract-data	kind	KIND_OK	samples/제주특별자치도/2020/extract-data-000809.hwpx	제주특별자치도	2020	hwpx	date	5	5	
u_extract_data-000810	extract-data	kind	COUNT_DRIFT	samples/법제처/2021/extract-data-000810.hwp	법제처	2021	hwp	amount	6	7	
u_extract_data-000811	extract-data	kind	KIND_UNKNOWN	samples/행정안전부/2021/extract-data-000811.hwpx	행정안전부	2021	hwpx	token	7	7	
u_extract_data-000812	extract-data	kind	KIND_OK	samples/국세청/2021/extract-data-000812.hwp	국세청	2021	hwp	date	8	8	
u_extract_data-000813	extract-data	kind	KIND_OK	samples/대법원/2021/extract-data-000813.hwpx	대법원	2021	hwpx	amount	9	9	
u_extract_data-000814	extract-data	kind	KIND_OK	samples/특허청/2021/extract-data-000814.hwp	특허청	2021	hwp	number	10	10	
u_extract_data-000815	extract-data	kind	KIND_OK	samples/교육부/2021/extract-data-000815.hwpx	교육부	2021	hwpx	all	11	11	
u_extract_data-000816	extract-data	kind	KIND_OK	samples/보건복지부/2021/extract-data-000816.hwp	보건복지부	2021	hwp	date	0	0	
u_extract_data-000817	extract-data	kind	COUNT_DRIFT	samples/국토교통부/2021/extract-data-000817.hwpx	국토교통부	2021	hwpx	amount	1	2	
u_extract_data-000818	extract-data	kind	KIND_UNKNOWN	samples/고용노동부/2021/extract-data-000818.hwp	고용노동부	2021	hwp	token	2	2	
u_extract_data-000819	extract-data	kind	KIND_OK	samples/외교부/2021/extract-data-000819.hwpx	외교부	2021	hwpx	date	3	3	
u_extract_data-000820	extract-data	kind	KIND_OK	samples/기획재정부/2021/extract-data-000820.hwp	기획재정부	2021	hwp	amount	4	4	
u_extract_data-000821	extract-data	kind	KIND_OK	samples/공정거래위원회/2021/extract-data-000821.hwpx	공정거래위원회	2021	hwpx	number	5	5	
u_extract_data-000822	extract-data	kind	KIND_OK	samples/금융위원회/2021/extract-data-000822.hwp	금융위원회	2021	hwp	all	6	6	
u_extract_data-000823	extract-data	kind	KIND_OK	samples/통계청/2021/extract-data-000823.hwpx	통계청	2021	hwpx	date	7	7	
u_extract_data-000824	extract-data	kind	COUNT_DRIFT	samples/기상청/2021/extract-data-000824.hwp	기상청	2021	hwp	amount	8	9	
u_extract_data-000825	extract-data	kind	KIND_UNKNOWN	samples/관세청/2021/extract-data-000825.hwpx	관세청	2021	hwpx	token	9	9	
u_extract_data-000826	extract-data	kind	KIND_OK	samples/검찰청/2021/extract-data-000826.hwp	검찰청	2021	hwp	date	10	10	
u_extract_data-000827	extract-data	kind	KIND_OK	samples/경찰청/2021/extract-data-000827.hwpx	경찰청	2021	hwpx	amount	11	11	
u_extract_data-000828	extract-data	kind	KIND_OK	samples/소방청/2021/extract-data-000828.hwp	소방청	2021	hwp	number	0	0	
u_extract_data-000829	extract-data	kind	KIND_OK	samples/병무청/2021/extract-data-000829.hwpx	병무청	2021	hwpx	all	1	1	
u_extract_data-000830	extract-data	kind	KIND_OK	samples/산림청/2021/extract-data-000830.hwp	산림청	2021	hwp	date	2	2	
u_extract_data-000831	extract-data	kind	COUNT_DRIFT	samples/중소벤처기업부/2021/extract-data-000831.hwpx	중소벤처기업부	2021	hwpx	amount	3	4	
u_extract_data-000832	extract-data	kind	KIND_UNKNOWN	samples/과학기술정보통신부/2021/extract-data-000832.hwp	과학기술정보통신부	2021	hwp	token	4	4	
u_extract_data-000833	extract-data	kind	KIND_OK	samples/문화체육관광부/2021/extract-data-000833.hwpx	문화체육관광부	2021	hwpx	date	5	5	
u_extract_data-000834	extract-data	kind	KIND_OK	samples/환경부/2021/extract-data-000834.hwp	환경부	2021	hwp	amount	6	6	
u_extract_data-000835	extract-data	kind	KIND_OK	samples/해양수산부/2021/extract-data-000835.hwpx	해양수산부	2021	hwpx	number	7	7	
u_extract_data-000836	extract-data	kind	KIND_OK	samples/서울특별시/2021/extract-data-000836.hwp	서울특별시	2021	hwp	all	8	8	
u_extract_data-000837	extract-data	kind	KIND_OK	samples/경기도/2021/extract-data-000837.hwpx	경기도	2021	hwpx	date	9	9	
u_extract_data-000838	extract-data	kind	COUNT_DRIFT	samples/부산광역시/2021/extract-data-000838.hwp	부산광역시	2021	hwp	amount	10	11	
u_extract_data-000839	extract-data	kind	KIND_UNKNOWN	samples/제주특별자치도/2021/extract-data-000839.hwpx	제주특별자치도	2021	hwpx	token	11	11	
u_extract_data-000840	extract-data	kind	KIND_OK	samples/법제처/2022/extract-data-000840.hwp	법제처	2022	hwp	date	0	0	
u_extract_data-000841	extract-data	kind	KIND_OK	samples/행정안전부/2022/extract-data-000841.hwpx	행정안전부	2022	hwpx	amount	1	1	
u_extract_data-000842	extract-data	kind	KIND_OK	samples/국세청/2022/extract-data-000842.hwp	국세청	2022	hwp	number	2	2	
u_extract_data-000843	extract-data	kind	KIND_OK	samples/대법원/2022/extract-data-000843.hwpx	대법원	2022	hwpx	all	3	3	
u_extract_data-000844	extract-data	kind	KIND_OK	samples/특허청/2022/extract-data-000844.hwp	특허청	2022	hwp	date	4	4	
u_extract_data-000845	extract-data	kind	COUNT_DRIFT	samples/교육부/2022/extract-data-000845.hwpx	교육부	2022	hwpx	amount	5	6	
u_extract_data-000846	extract-data	kind	KIND_UNKNOWN	samples/보건복지부/2022/extract-data-000846.hwp	보건복지부	2022	hwp	token	6	6	
u_extract_data-000847	extract-data	kind	KIND_OK	samples/국토교통부/2022/extract-data-000847.hwpx	국토교통부	2022	hwpx	date	7	7	
u_extract_data-000848	extract-data	kind	KIND_OK	samples/고용노동부/2022/extract-data-000848.hwp	고용노동부	2022	hwp	amount	8	8	
u_extract_data-000849	extract-data	kind	KIND_OK	samples/외교부/2022/extract-data-000849.hwpx	외교부	2022	hwpx	number	9	9	
u_extract_data-000850	extract-data	kind	KIND_OK	samples/기획재정부/2022/extract-data-000850.hwp	기획재정부	2022	hwp	all	10	10	
u_extract_data-000851	extract-data	kind	KIND_OK	samples/공정거래위원회/2022/extract-data-000851.hwpx	공정거래위원회	2022	hwpx	date	11	11	
u_extract_data-000852	extract-data	kind	COUNT_DRIFT	samples/금융위원회/2022/extract-data-000852.hwp	금융위원회	2022	hwp	amount	0	1	
u_extract_data-000853	extract-data	kind	KIND_UNKNOWN	samples/통계청/2022/extract-data-000853.hwpx	통계청	2022	hwpx	token	1	1	
u_extract_data-000854	extract-data	kind	KIND_OK	samples/기상청/2022/extract-data-000854.hwp	기상청	2022	hwp	date	2	2	
u_extract_data-000855	extract-data	kind	KIND_OK	samples/관세청/2022/extract-data-000855.hwpx	관세청	2022	hwpx	amount	3	3	
u_extract_data-000856	extract-data	kind	KIND_OK	samples/검찰청/2022/extract-data-000856.hwp	검찰청	2022	hwp	number	4	4	
u_extract_data-000857	extract-data	kind	KIND_OK	samples/경찰청/2022/extract-data-000857.hwpx	경찰청	2022	hwpx	all	5	5	
u_extract_data-000858	extract-data	kind	KIND_OK	samples/소방청/2022/extract-data-000858.hwp	소방청	2022	hwp	date	6	6	
u_extract_data-000859	extract-data	kind	COUNT_DRIFT	samples/병무청/2022/extract-data-000859.hwpx	병무청	2022	hwpx	amount	7	8	
u_extract_data-000860	extract-data	kind	KIND_UNKNOWN	samples/산림청/2022/extract-data-000860.hwp	산림청	2022	hwp	token	8	8	
u_extract_data-000861	extract-data	kind	KIND_OK	samples/중소벤처기업부/2022/extract-data-000861.hwpx	중소벤처기업부	2022	hwpx	date	9	9	
u_extract_data-000862	extract-data	kind	KIND_OK	samples/과학기술정보통신부/2022/extract-data-000862.hwp	과학기술정보통신부	2022	hwp	amount	10	10	
u_extract_data-000863	extract-data	kind	KIND_OK	samples/문화체육관광부/2022/extract-data-000863.hwpx	문화체육관광부	2022	hwpx	number	11	11	
u_extract_data-000864	extract-data	kind	KIND_OK	samples/환경부/2022/extract-data-000864.hwp	환경부	2022	hwp	all	0	0	
u_extract_data-000865	extract-data	kind	KIND_OK	samples/해양수산부/2022/extract-data-000865.hwpx	해양수산부	2022	hwpx	date	1	1	
u_extract_data-000866	extract-data	kind	COUNT_DRIFT	samples/서울특별시/2022/extract-data-000866.hwp	서울특별시	2022	hwp	amount	2	3	
u_extract_data-000867	extract-data	kind	KIND_UNKNOWN	samples/경기도/2022/extract-data-000867.hwpx	경기도	2022	hwpx	token	3	3	
u_extract_data-000868	extract-data	kind	KIND_OK	samples/부산광역시/2022/extract-data-000868.hwp	부산광역시	2022	hwp	date	4	4	
u_extract_data-000869	extract-data	kind	KIND_OK	samples/제주특별자치도/2022/extract-data-000869.hwpx	제주특별자치도	2022	hwpx	amount	5	5	
u_extract_data-000870	extract-data	kind	KIND_OK	samples/법제처/2023/extract-data-000870.hwp	법제처	2023	hwp	number	6	6	
u_extract_data-000871	extract-data	kind	KIND_OK	samples/행정안전부/2023/extract-data-000871.hwpx	행정안전부	2023	hwpx	all	7	7	
u_extract_data-000872	extract-data	kind	KIND_OK	samples/국세청/2023/extract-data-000872.hwp	국세청	2023	hwp	date	8	8	
u_extract_data-000873	extract-data	kind	COUNT_DRIFT	samples/대법원/2023/extract-data-000873.hwpx	대법원	2023	hwpx	amount	9	10	
u_extract_data-000874	extract-data	kind	KIND_UNKNOWN	samples/특허청/2023/extract-data-000874.hwp	특허청	2023	hwp	token	10	10	
u_extract_data-000875	extract-data	kind	KIND_OK	samples/교육부/2023/extract-data-000875.hwpx	교육부	2023	hwpx	date	11	11	
u_extract_data-000876	extract-data	kind	KIND_OK	samples/보건복지부/2023/extract-data-000876.hwp	보건복지부	2023	hwp	amount	0	0	
u_extract_data-000877	extract-data	kind	KIND_OK	samples/국토교통부/2023/extract-data-000877.hwpx	국토교통부	2023	hwpx	number	1	1	
u_extract_data-000878	extract-data	kind	KIND_OK	samples/고용노동부/2023/extract-data-000878.hwp	고용노동부	2023	hwp	all	2	2	
u_extract_data-000879	extract-data	kind	KIND_OK	samples/외교부/2023/extract-data-000879.hwpx	외교부	2023	hwpx	date	3	3	
u_extract_data-000880	extract-data	kind	COUNT_DRIFT	samples/기획재정부/2023/extract-data-000880.hwp	기획재정부	2023	hwp	amount	4	5	
u_extract_data-000881	extract-data	kind	KIND_UNKNOWN	samples/공정거래위원회/2023/extract-data-000881.hwpx	공정거래위원회	2023	hwpx	token	5	5	
u_extract_data-000882	extract-data	kind	KIND_OK	samples/금융위원회/2023/extract-data-000882.hwp	금융위원회	2023	hwp	date	6	6	
u_extract_data-000883	extract-data	kind	KIND_OK	samples/통계청/2023/extract-data-000883.hwpx	통계청	2023	hwpx	amount	7	7	
u_extract_data-000884	extract-data	kind	KIND_OK	samples/기상청/2023/extract-data-000884.hwp	기상청	2023	hwp	number	8	8	
u_extract_data-000885	extract-data	kind	KIND_OK	samples/관세청/2023/extract-data-000885.hwpx	관세청	2023	hwpx	all	9	9	
u_extract_data-000886	extract-data	kind	KIND_OK	samples/검찰청/2023/extract-data-000886.hwp	검찰청	2023	hwp	date	10	10	
u_extract_data-000887	extract-data	kind	COUNT_DRIFT	samples/경찰청/2023/extract-data-000887.hwpx	경찰청	2023	hwpx	amount	11	12	
u_extract_data-000888	extract-data	kind	KIND_UNKNOWN	samples/소방청/2023/extract-data-000888.hwp	소방청	2023	hwp	token	0	0	
u_extract_data-000889	extract-data	kind	KIND_OK	samples/병무청/2023/extract-data-000889.hwpx	병무청	2023	hwpx	date	1	1	
u_extract_data-000890	extract-data	kind	KIND_OK	samples/산림청/2023/extract-data-000890.hwp	산림청	2023	hwp	amount	2	2	
u_extract_data-000891	extract-data	kind	KIND_OK	samples/중소벤처기업부/2023/extract-data-000891.hwpx	중소벤처기업부	2023	hwpx	number	3	3	
u_extract_data-000892	extract-data	kind	KIND_OK	samples/과학기술정보통신부/2023/extract-data-000892.hwp	과학기술정보통신부	2023	hwp	all	4	4	
u_extract_data-000893	extract-data	kind	KIND_OK	samples/문화체육관광부/2023/extract-data-000893.hwpx	문화체육관광부	2023	hwpx	date	5	5	
u_extract_data-000894	extract-data	kind	COUNT_DRIFT	samples/환경부/2023/extract-data-000894.hwp	환경부	2023	hwp	amount	6	7	
u_extract_data-000895	extract-data	kind	KIND_UNKNOWN	samples/해양수산부/2023/extract-data-000895.hwpx	해양수산부	2023	hwpx	token	7	7	
u_extract_data-000896	extract-data	kind	KIND_OK	samples/서울특별시/2023/extract-data-000896.hwp	서울특별시	2023	hwp	date	8	8	
u_extract_data-000897	extract-data	kind	KIND_OK	samples/경기도/2023/extract-data-000897.hwpx	경기도	2023	hwpx	amount	9	9	
u_extract_data-000898	extract-data	kind	KIND_OK	samples/부산광역시/2023/extract-data-000898.hwp	부산광역시	2023	hwp	number	10	10	
u_extract_data-000899	extract-data	kind	KIND_OK	samples/제주특별자치도/2023/extract-data-000899.hwpx	제주특별자치도	2023	hwpx	all	11	11	
u_extract_data-000900	extract-data	kind	KIND_OK	samples/법제처/2024/extract-data-000900.hwp	법제처	2024	hwp	date	0	0	
u_extract_data-000901	extract-data	kind	COUNT_DRIFT	samples/행정안전부/2024/extract-data-000901.hwpx	행정안전부	2024	hwpx	amount	1	2	
u_extract_data-000902	extract-data	kind	KIND_UNKNOWN	samples/국세청/2024/extract-data-000902.hwp	국세청	2024	hwp	token	2	2	
u_extract_data-000903	extract-data	kind	KIND_OK	samples/대법원/2024/extract-data-000903.hwpx	대법원	2024	hwpx	date	3	3	
u_extract_data-000904	extract-data	kind	KIND_OK	samples/특허청/2024/extract-data-000904.hwp	특허청	2024	hwp	amount	4	4	
u_extract_data-000905	extract-data	kind	KIND_OK	samples/교육부/2024/extract-data-000905.hwpx	교육부	2024	hwpx	number	5	5	
u_extract_data-000906	extract-data	kind	KIND_OK	samples/보건복지부/2024/extract-data-000906.hwp	보건복지부	2024	hwp	all	6	6	
u_extract_data-000907	extract-data	kind	KIND_OK	samples/국토교통부/2024/extract-data-000907.hwpx	국토교통부	2024	hwpx	date	7	7	
u_extract_data-000908	extract-data	kind	COUNT_DRIFT	samples/고용노동부/2024/extract-data-000908.hwp	고용노동부	2024	hwp	amount	8	9	
u_extract_data-000909	extract-data	kind	KIND_UNKNOWN	samples/외교부/2024/extract-data-000909.hwpx	외교부	2024	hwpx	token	9	9	
u_extract_data-000910	extract-data	kind	KIND_OK	samples/기획재정부/2024/extract-data-000910.hwp	기획재정부	2024	hwp	date	10	10	
u_extract_data-000911	extract-data	kind	KIND_OK	samples/공정거래위원회/2024/extract-data-000911.hwpx	공정거래위원회	2024	hwpx	amount	11	11	
u_extract_data-000912	extract-data	kind	KIND_OK	samples/금융위원회/2024/extract-data-000912.hwp	금융위원회	2024	hwp	number	0	0	
u_extract_data-000913	extract-data	kind	KIND_OK	samples/통계청/2024/extract-data-000913.hwpx	통계청	2024	hwpx	all	1	1	
u_extract_data-000914	extract-data	kind	KIND_OK	samples/기상청/2024/extract-data-000914.hwp	기상청	2024	hwp	date	2	2	
u_extract_data-000915	extract-data	kind	COUNT_DRIFT	samples/관세청/2024/extract-data-000915.hwpx	관세청	2024	hwpx	amount	3	4	
u_extract_data-000916	extract-data	kind	KIND_UNKNOWN	samples/검찰청/2024/extract-data-000916.hwp	검찰청	2024	hwp	token	4	4	
u_extract_data-000917	extract-data	kind	KIND_OK	samples/경찰청/2024/extract-data-000917.hwpx	경찰청	2024	hwpx	date	5	5	
u_extract_data-000918	extract-data	kind	KIND_OK	samples/소방청/2024/extract-data-000918.hwp	소방청	2024	hwp	amount	6	6	
u_extract_data-000919	extract-data	kind	KIND_OK	samples/병무청/2024/extract-data-000919.hwpx	병무청	2024	hwpx	number	7	7	
u_extract_data-000920	extract-data	kind	KIND_OK	samples/산림청/2024/extract-data-000920.hwp	산림청	2024	hwp	all	8	8	
u_extract_data-000921	extract-data	kind	KIND_OK	samples/중소벤처기업부/2024/extract-data-000921.hwpx	중소벤처기업부	2024	hwpx	date	9	9	
u_extract_data-000922	extract-data	kind	COUNT_DRIFT	samples/과학기술정보통신부/2024/extract-data-000922.hwp	과학기술정보통신부	2024	hwp	amount	10	11	
u_extract_data-000923	extract-data	kind	KIND_UNKNOWN	samples/문화체육관광부/2024/extract-data-000923.hwpx	문화체육관광부	2024	hwpx	token	11	11	
u_extract_data-000924	extract-data	kind	KIND_OK	samples/환경부/2024/extract-data-000924.hwp	환경부	2024	hwp	date	0	0	
u_extract_data-000925	extract-data	kind	KIND_OK	samples/해양수산부/2024/extract-data-000925.hwpx	해양수산부	2024	hwpx	amount	1	1	
u_extract_data-000926	extract-data	kind	KIND_OK	samples/서울특별시/2024/extract-data-000926.hwp	서울특별시	2024	hwp	number	2	2	
u_extract_data-000927	extract-data	kind	KIND_OK	samples/경기도/2024/extract-data-000927.hwpx	경기도	2024	hwpx	all	3	3	
u_extract_data-000928	extract-data	kind	KIND_OK	samples/부산광역시/2024/extract-data-000928.hwp	부산광역시	2024	hwp	date	4	4	
u_extract_data-000929	extract-data	kind	COUNT_DRIFT	samples/제주특별자치도/2024/extract-data-000929.hwpx	제주특별자치도	2024	hwpx	amount	5	6	
u_extract_data-000930	extract-data	kind	KIND_UNKNOWN	samples/법제처/2025/extract-data-000930.hwp	법제처	2025	hwp	token	6	6	
u_extract_data-000931	extract-data	kind	KIND_OK	samples/행정안전부/2025/extract-data-000931.hwpx	행정안전부	2025	hwpx	date	7	7	
u_extract_data-000932	extract-data	kind	KIND_OK	samples/국세청/2025/extract-data-000932.hwp	국세청	2025	hwp	amount	8	8	
u_extract_data-000933	extract-data	kind	KIND_OK	samples/대법원/2025/extract-data-000933.hwpx	대법원	2025	hwpx	number	9	9	
u_extract_data-000934	extract-data	kind	KIND_OK	samples/특허청/2025/extract-data-000934.hwp	특허청	2025	hwp	all	10	10	
u_extract_data-000935	extract-data	kind	KIND_OK	samples/교육부/2025/extract-data-000935.hwpx	교육부	2025	hwpx	date	11	11	
u_extract_data-000936	extract-data	kind	COUNT_DRIFT	samples/보건복지부/2025/extract-data-000936.hwp	보건복지부	2025	hwp	amount	0	1	
u_extract_data-000937	extract-data	kind	KIND_UNKNOWN	samples/국토교통부/2025/extract-data-000937.hwpx	국토교통부	2025	hwpx	token	1	1	
u_extract_data-000938	extract-data	kind	KIND_OK	samples/고용노동부/2025/extract-data-000938.hwp	고용노동부	2025	hwp	date	2	2	
u_extract_data-000939	extract-data	kind	KIND_OK	samples/외교부/2025/extract-data-000939.hwpx	외교부	2025	hwpx	amount	3	3	
u_extract_data-000940	extract-data	kind	KIND_OK	samples/기획재정부/2025/extract-data-000940.hwp	기획재정부	2025	hwp	number	4	4	
u_extract_data-000941	extract-data	kind	KIND_OK	samples/공정거래위원회/2025/extract-data-000941.hwpx	공정거래위원회	2025	hwpx	all	5	5	
u_extract_data-000942	extract-data	kind	KIND_OK	samples/금융위원회/2025/extract-data-000942.hwp	금융위원회	2025	hwp	date	6	6	
u_extract_data-000943	extract-data	kind	COUNT_DRIFT	samples/통계청/2025/extract-data-000943.hwpx	통계청	2025	hwpx	amount	7	8	
u_extract_data-000944	extract-data	kind	KIND_UNKNOWN	samples/기상청/2025/extract-data-000944.hwp	기상청	2025	hwp	token	8	8	
u_extract_data-000945	extract-data	kind	KIND_OK	samples/관세청/2025/extract-data-000945.hwpx	관세청	2025	hwpx	date	9	9	
u_extract_data-000946	extract-data	kind	KIND_OK	samples/검찰청/2025/extract-data-000946.hwp	검찰청	2025	hwp	amount	10	10	
u_extract_data-000947	extract-data	kind	KIND_OK	samples/경찰청/2025/extract-data-000947.hwpx	경찰청	2025	hwpx	number	11	11	
u_extract_data-000948	extract-data	kind	KIND_OK	samples/소방청/2025/extract-data-000948.hwp	소방청	2025	hwp	all	0	0	
u_extract_data-000949	extract-data	kind	KIND_OK	samples/병무청/2025/extract-data-000949.hwpx	병무청	2025	hwpx	date	1	1	
u_extract_data-000950	extract-data	kind	COUNT_DRIFT	samples/산림청/2025/extract-data-000950.hwp	산림청	2025	hwp	amount	2	3	
u_extract_data-000951	extract-data	kind	KIND_UNKNOWN	samples/중소벤처기업부/2025/extract-data-000951.hwpx	중소벤처기업부	2025	hwpx	token	3	3	
u_extract_data-000952	extract-data	kind	KIND_OK	samples/과학기술정보통신부/2025/extract-data-000952.hwp	과학기술정보통신부	2025	hwp	date	4	4	
u_extract_data-000953	extract-data	kind	KIND_OK	samples/문화체육관광부/2025/extract-data-000953.hwpx	문화체육관광부	2025	hwpx	amount	5	5	
u_extract_data-000954	extract-data	kind	KIND_OK	samples/환경부/2025/extract-data-000954.hwp	환경부	2025	hwp	number	6	6	
u_extract_data-000955	extract-data	kind	KIND_OK	samples/해양수산부/2025/extract-data-000955.hwpx	해양수산부	2025	hwpx	all	7	7	
u_extract_data-000956	extract-data	kind	KIND_OK	samples/서울특별시/2025/extract-data-000956.hwp	서울특별시	2025	hwp	date	8	8	
u_extract_data-000957	extract-data	kind	COUNT_DRIFT	samples/경기도/2025/extract-data-000957.hwpx	경기도	2025	hwpx	amount	9	10	
u_extract_data-000958	extract-data	kind	KIND_UNKNOWN	samples/부산광역시/2025/extract-data-000958.hwp	부산광역시	2025	hwp	token	10	10	
u_extract_data-000959	extract-data	kind	KIND_OK	samples/제주특별자치도/2025/extract-data-000959.hwpx	제주특별자치도	2025	hwpx	date	11	11	
u_extract_data-000960	extract-data	kind	KIND_OK	samples/법제처/2026/extract-data-000960.hwp	법제처	2026	hwp	amount	0	0	
u_extract_data-000961	extract-data	kind	KIND_OK	samples/행정안전부/2026/extract-data-000961.hwpx	행정안전부	2026	hwpx	number	1	1	
u_extract_data-000962	extract-data	kind	KIND_OK	samples/국세청/2026/extract-data-000962.hwp	국세청	2026	hwp	all	2	2	
u_extract_data-000963	extract-data	kind	KIND_OK	samples/대법원/2026/extract-data-000963.hwpx	대법원	2026	hwpx	date	3	3	
u_extract_data-000964	extract-data	kind	COUNT_DRIFT	samples/특허청/2026/extract-data-000964.hwp	특허청	2026	hwp	amount	4	5	
u_extract_data-000965	extract-data	kind	KIND_UNKNOWN	samples/교육부/2026/extract-data-000965.hwpx	교육부	2026	hwpx	token	5	5	
u_extract_data-000966	extract-data	kind	KIND_OK	samples/보건복지부/2026/extract-data-000966.hwp	보건복지부	2026	hwp	date	6	6	
u_extract_data-000967	extract-data	kind	KIND_OK	samples/국토교통부/2026/extract-data-000967.hwpx	국토교통부	2026	hwpx	amount	7	7	
u_extract_data-000968	extract-data	kind	KIND_OK	samples/고용노동부/2026/extract-data-000968.hwp	고용노동부	2026	hwp	number	8	8	
u_extract_data-000969	extract-data	kind	KIND_OK	samples/외교부/2026/extract-data-000969.hwpx	외교부	2026	hwpx	all	9	9	
u_extract_data-000970	extract-data	kind	KIND_OK	samples/기획재정부/2026/extract-data-000970.hwp	기획재정부	2026	hwp	date	10	10	
u_extract_data-000971	extract-data	kind	COUNT_DRIFT	samples/공정거래위원회/2026/extract-data-000971.hwpx	공정거래위원회	2026	hwpx	amount	11	12	
u_extract_data-000972	extract-data	kind	KIND_UNKNOWN	samples/금융위원회/2026/extract-data-000972.hwp	금융위원회	2026	hwp	token	0	0	
u_extract_data-000973	extract-data	kind	KIND_OK	samples/통계청/2026/extract-data-000973.hwpx	통계청	2026	hwpx	date	1	1	
u_extract_data-000974	extract-data	kind	KIND_OK	samples/기상청/2026/extract-data-000974.hwp	기상청	2026	hwp	amount	2	2	
u_extract_data-000975	extract-data	kind	KIND_OK	samples/관세청/2026/extract-data-000975.hwpx	관세청	2026	hwpx	number	3	3	
u_extract_data-000976	extract-data	kind	KIND_OK	samples/검찰청/2026/extract-data-000976.hwp	검찰청	2026	hwp	all	4	4	
u_extract_data-000977	extract-data	kind	KIND_OK	samples/경찰청/2026/extract-data-000977.hwpx	경찰청	2026	hwpx	date	5	5	
u_extract_data-000978	extract-data	kind	COUNT_DRIFT	samples/소방청/2026/extract-data-000978.hwp	소방청	2026	hwp	amount	6	7	
u_extract_data-000979	extract-data	kind	KIND_UNKNOWN	samples/병무청/2026/extract-data-000979.hwpx	병무청	2026	hwpx	token	7	7	
u_extract_data-000980	extract-data	kind	KIND_OK	samples/산림청/2026/extract-data-000980.hwp	산림청	2026	hwp	date	8	8	
u_extract_data-000981	extract-data	kind	KIND_OK	samples/중소벤처기업부/2026/extract-data-000981.hwpx	중소벤처기업부	2026	hwpx	amount	9	9	
u_extract_data-000982	extract-data	kind	KIND_OK	samples/과학기술정보통신부/2026/extract-data-000982.hwp	과학기술정보통신부	2026	hwp	number	10	10	
u_extract_data-000983	extract-data	kind	KIND_OK	samples/문화체육관광부/2026/extract-data-000983.hwpx	문화체육관광부	2026	hwpx	all	11	11	
u_extract_data-000984	extract-data	kind	KIND_OK	samples/환경부/2026/extract-data-000984.hwp	환경부	2026	hwp	date	0	0	
u_extract_data-000985	extract-data	kind	COUNT_DRIFT	samples/해양수산부/2026/extract-data-000985.hwpx	해양수산부	2026	hwpx	amount	1	2	
u_extract_data-000986	extract-data	kind	KIND_UNKNOWN	samples/서울특별시/2026/extract-data-000986.hwp	서울특별시	2026	hwp	token	2	2	
u_extract_data-000987	extract-data	kind	KIND_OK	samples/경기도/2026/extract-data-000987.hwpx	경기도	2026	hwpx	date	3	3	
u_extract_data-000988	extract-data	kind	KIND_OK	samples/부산광역시/2026/extract-data-000988.hwp	부산광역시	2026	hwp	amount	4	4	
u_extract_data-000989	extract-data	kind	KIND_OK	samples/제주특별자치도/2026/extract-data-000989.hwpx	제주특별자치도	2026	hwpx	number	5	5	
u_extract_data-000990	extract-data	kind	KIND_OK	samples/법제처/2016/extract-data-000990.hwp	법제처	2016	hwp	all	6	6	
u_extract_data-000991	extract-data	kind	KIND_OK	samples/행정안전부/2016/extract-data-000991.hwpx	행정안전부	2016	hwpx	date	7	7	
u_extract_data-000992	extract-data	kind	COUNT_DRIFT	samples/국세청/2016/extract-data-000992.hwp	국세청	2016	hwp	amount	8	9	
u_extract_data-000993	extract-data	kind	KIND_UNKNOWN	samples/대법원/2016/extract-data-000993.hwpx	대법원	2016	hwpx	token	9	9	
u_extract_data-000994	extract-data	kind	KIND_OK	samples/특허청/2016/extract-data-000994.hwp	특허청	2016	hwp	date	10	10	
u_extract_data-000995	extract-data	kind	KIND_OK	samples/교육부/2016/extract-data-000995.hwpx	교육부	2016	hwpx	amount	11	11	
u_extract_data-000996	extract-data	kind	KIND_OK	samples/보건복지부/2016/extract-data-000996.hwp	보건복지부	2016	hwp	number	0	0	
u_extract_data-000997	extract-data	kind	KIND_OK	samples/국토교통부/2016/extract-data-000997.hwpx	국토교통부	2016	hwpx	all	1	1	
u_extract_data-000998	extract-data	kind	KIND_OK	samples/고용노동부/2016/extract-data-000998.hwp	고용노동부	2016	hwp	date	2	2	
u_extract_data-000999	extract-data	kind	COUNT_DRIFT	samples/외교부/2016/extract-data-000999.hwpx	외교부	2016	hwpx	amount	3	4	
u_extract_data-001000	extract-data	kind	KIND_UNKNOWN	samples/기획재정부/2016/extract-data-001000.hwp	기획재정부	2016	hwp	token	4	4	
u_extract_data-001001	extract-data	kind	KIND_OK	samples/공정거래위원회/2016/extract-data-001001.hwpx	공정거래위원회	2016	hwpx	date	5	5	
u_extract_data-001002	extract-data	kind	KIND_OK	samples/금융위원회/2016/extract-data-001002.hwp	금융위원회	2016	hwp	amount	6	6	
u_extract_data-001003	extract-data	kind	KIND_OK	samples/통계청/2016/extract-data-001003.hwpx	통계청	2016	hwpx	number	7	7	
u_extract_data-001004	extract-data	kind	KIND_OK	samples/기상청/2016/extract-data-001004.hwp	기상청	2016	hwp	all	8	8	
u_extract_data-001005	extract-data	kind	KIND_OK	samples/관세청/2016/extract-data-001005.hwpx	관세청	2016	hwpx	date	9	9	
u_extract_data-001006	extract-data	kind	COUNT_DRIFT	samples/검찰청/2016/extract-data-001006.hwp	검찰청	2016	hwp	amount	10	11	
u_extract_data-001007	extract-data	kind	KIND_UNKNOWN	samples/경찰청/2016/extract-data-001007.hwpx	경찰청	2016	hwpx	token	11	11	
u_extract_data-001008	extract-data	kind	KIND_OK	samples/소방청/2016/extract-data-001008.hwp	소방청	2016	hwp	date	0	0	
u_extract_data-001009	extract-data	kind	KIND_OK	samples/병무청/2016/extract-data-001009.hwpx	병무청	2016	hwpx	amount	1	1	
u_extract_data-001010	extract-data	kind	KIND_OK	samples/산림청/2016/extract-data-001010.hwp	산림청	2016	hwp	number	2	2	
u_extract_data-001011	extract-data	kind	KIND_OK	samples/중소벤처기업부/2016/extract-data-001011.hwpx	중소벤처기업부	2016	hwpx	all	3	3	
u_extract_data-001012	extract-data	kind	KIND_OK	samples/과학기술정보통신부/2016/extract-data-001012.hwp	과학기술정보통신부	2016	hwp	date	4	4	
u_extract_data-001013	extract-data	kind	COUNT_DRIFT	samples/문화체육관광부/2016/extract-data-001013.hwpx	문화체육관광부	2016	hwpx	amount	5	6	
u_extract_data-001014	extract-data	kind	KIND_UNKNOWN	samples/환경부/2016/extract-data-001014.hwp	환경부	2016	hwp	token	6	6	
u_extract_data-001015	extract-data	kind	KIND_OK	samples/해양수산부/2016/extract-data-001015.hwpx	해양수산부	2016	hwpx	date	7	7	
u_extract_data-001016	extract-data	kind	KIND_OK	samples/서울특별시/2016/extract-data-001016.hwp	서울특별시	2016	hwp	amount	8	8	
u_extract_data-001017	extract-data	kind	KIND_OK	samples/경기도/2016/extract-data-001017.hwpx	경기도	2016	hwpx	number	9	9	
u_extract_data-001018	extract-data	kind	KIND_OK	samples/부산광역시/2016/extract-data-001018.hwp	부산광역시	2016	hwp	all	10	10	
u_extract_data-001019	extract-data	kind	KIND_OK	samples/제주특별자치도/2016/extract-data-001019.hwpx	제주특별자치도	2016	hwpx	date	11	11	
u_extract_data-001020	extract-data	kind	COUNT_DRIFT	samples/법제처/2017/extract-data-001020.hwp	법제처	2017	hwp	amount	0	1	
u_extract_data-001021	extract-data	kind	KIND_UNKNOWN	samples/행정안전부/2017/extract-data-001021.hwpx	행정안전부	2017	hwpx	token	1	1	
u_extract_data-001022	extract-data	kind	KIND_OK	samples/국세청/2017/extract-data-001022.hwp	국세청	2017	hwp	date	2	2	
u_extract_data-001023	extract-data	kind	KIND_OK	samples/대법원/2017/extract-data-001023.hwpx	대법원	2017	hwpx	amount	3	3	
u_extract_data-001024	extract-data	kind	KIND_OK	samples/특허청/2017/extract-data-001024.hwp	특허청	2017	hwp	number	4	4	
u_extract_data-001025	extract-data	kind	KIND_OK	samples/교육부/2017/extract-data-001025.hwpx	교육부	2017	hwpx	all	5	5	
u_extract_data-001026	extract-data	kind	KIND_OK	samples/보건복지부/2017/extract-data-001026.hwp	보건복지부	2017	hwp	date	6	6	
u_extract_data-001027	extract-data	kind	COUNT_DRIFT	samples/국토교통부/2017/extract-data-001027.hwpx	국토교통부	2017	hwpx	amount	7	8	
u_extract_data-001028	extract-data	kind	KIND_UNKNOWN	samples/고용노동부/2017/extract-data-001028.hwp	고용노동부	2017	hwp	token	8	8	
u_extract_data-001029	extract-data	kind	KIND_OK	samples/외교부/2017/extract-data-001029.hwpx	외교부	2017	hwpx	date	9	9	
u_extract_data-001030	extract-data	kind	KIND_OK	samples/기획재정부/2017/extract-data-001030.hwp	기획재정부	2017	hwp	amount	10	10	
u_extract_data-001031	extract-data	kind	KIND_OK	samples/공정거래위원회/2017/extract-data-001031.hwpx	공정거래위원회	2017	hwpx	number	11	11	
u_extract_data-001032	extract-data	kind	KIND_OK	samples/금융위원회/2017/extract-data-001032.hwp	금융위원회	2017	hwp	all	0	0	
u_extract_data-001033	extract-data	kind	KIND_OK	samples/통계청/2017/extract-data-001033.hwpx	통계청	2017	hwpx	date	1	1	
u_extract_data-001034	extract-data	kind	COUNT_DRIFT	samples/기상청/2017/extract-data-001034.hwp	기상청	2017	hwp	amount	2	3	
u_extract_data-001035	extract-data	kind	KIND_UNKNOWN	samples/관세청/2017/extract-data-001035.hwpx	관세청	2017	hwpx	token	3	3	
u_extract_data-001036	extract-data	kind	KIND_OK	samples/검찰청/2017/extract-data-001036.hwp	검찰청	2017	hwp	date	4	4	
u_extract_data-001037	extract-data	kind	KIND_OK	samples/경찰청/2017/extract-data-001037.hwpx	경찰청	2017	hwpx	amount	5	5	
u_extract_data-001038	extract-data	kind	KIND_OK	samples/소방청/2017/extract-data-001038.hwp	소방청	2017	hwp	number	6	6	
u_extract_data-001039	extract-data	kind	KIND_OK	samples/병무청/2017/extract-data-001039.hwpx	병무청	2017	hwpx	all	7	7	
u_extract_data-001040	extract-data	kind	KIND_OK	samples/산림청/2017/extract-data-001040.hwp	산림청	2017	hwp	date	8	8	
u_extract_data-001041	extract-data	kind	COUNT_DRIFT	samples/중소벤처기업부/2017/extract-data-001041.hwpx	중소벤처기업부	2017	hwpx	amount	9	10	
u_extract_data-001042	extract-data	kind	KIND_UNKNOWN	samples/과학기술정보통신부/2017/extract-data-001042.hwp	과학기술정보통신부	2017	hwp	token	10	10	
u_extract_data-001043	extract-data	kind	KIND_OK	samples/문화체육관광부/2017/extract-data-001043.hwpx	문화체육관광부	2017	hwpx	date	11	11	
u_extract_data-001044	extract-data	kind	KIND_OK	samples/환경부/2017/extract-data-001044.hwp	환경부	2017	hwp	amount	0	0	
u_extract_data-001045	extract-data	kind	KIND_OK	samples/해양수산부/2017/extract-data-001045.hwpx	해양수산부	2017	hwpx	number	1	1	
u_extract_data-001046	extract-data	kind	KIND_OK	samples/서울특별시/2017/extract-data-001046.hwp	서울특별시	2017	hwp	all	2	2	
u_extract_data-001047	extract-data	kind	KIND_OK	samples/경기도/2017/extract-data-001047.hwpx	경기도	2017	hwpx	date	3	3	
u_extract_data-001048	extract-data	kind	COUNT_DRIFT	samples/부산광역시/2017/extract-data-001048.hwp	부산광역시	2017	hwp	amount	4	5	
u_extract_data-001049	extract-data	kind	KIND_UNKNOWN	samples/제주특별자치도/2017/extract-data-001049.hwpx	제주특별자치도	2017	hwpx	token	5	5	
u_extract_data-001050	extract-data	kind	KIND_OK	samples/법제처/2018/extract-data-001050.hwp	법제처	2018	hwp	date	6	6	
u_extract_data-001051	extract-data	kind	KIND_OK	samples/행정안전부/2018/extract-data-001051.hwpx	행정안전부	2018	hwpx	amount	7	7	
u_extract_data-001052	extract-data	kind	KIND_OK	samples/국세청/2018/extract-data-001052.hwp	국세청	2018	hwp	number	8	8	
u_extract_data-001053	extract-data	kind	KIND_OK	samples/대법원/2018/extract-data-001053.hwpx	대법원	2018	hwpx	all	9	9	
u_extract_data-001054	extract-data	kind	KIND_OK	samples/특허청/2018/extract-data-001054.hwp	특허청	2018	hwp	date	10	10	
u_extract_data-001055	extract-data	kind	COUNT_DRIFT	samples/교육부/2018/extract-data-001055.hwpx	교육부	2018	hwpx	amount	11	12	
u_extract_data-001056	extract-data	kind	KIND_UNKNOWN	samples/보건복지부/2018/extract-data-001056.hwp	보건복지부	2018	hwp	token	0	0	
u_extract_data-001057	extract-data	kind	KIND_OK	samples/국토교통부/2018/extract-data-001057.hwpx	국토교통부	2018	hwpx	date	1	1	
u_extract_data-001058	extract-data	kind	KIND_OK	samples/고용노동부/2018/extract-data-001058.hwp	고용노동부	2018	hwp	amount	2	2	
u_extract_data-001059	extract-data	kind	KIND_OK	samples/외교부/2018/extract-data-001059.hwpx	외교부	2018	hwpx	number	3	3	
u_extract_data-001060	extract-data	kind	KIND_OK	samples/기획재정부/2018/extract-data-001060.hwp	기획재정부	2018	hwp	all	4	4	
u_extract_data-001061	extract-data	kind	KIND_OK	samples/공정거래위원회/2018/extract-data-001061.hwpx	공정거래위원회	2018	hwpx	date	5	5	
u_extract_data-001062	extract-data	kind	COUNT_DRIFT	samples/금융위원회/2018/extract-data-001062.hwp	금융위원회	2018	hwp	amount	6	7	
u_extract_data-001063	extract-data	kind	KIND_UNKNOWN	samples/통계청/2018/extract-data-001063.hwpx	통계청	2018	hwpx	token	7	7	
u_extract_data-001064	extract-data	kind	KIND_OK	samples/기상청/2018/extract-data-001064.hwp	기상청	2018	hwp	date	8	8	
u_extract_data-001065	extract-data	kind	KIND_OK	samples/관세청/2018/extract-data-001065.hwpx	관세청	2018	hwpx	amount	9	9	
u_extract_data-001066	extract-data	kind	KIND_OK	samples/검찰청/2018/extract-data-001066.hwp	검찰청	2018	hwp	number	10	10	
u_extract_data-001067	extract-data	kind	KIND_OK	samples/경찰청/2018/extract-data-001067.hwpx	경찰청	2018	hwpx	all	11	11	
u_extract_data-001068	extract-data	kind	KIND_OK	samples/소방청/2018/extract-data-001068.hwp	소방청	2018	hwp	date	0	0	
u_extract_data-001069	extract-data	kind	COUNT_DRIFT	samples/병무청/2018/extract-data-001069.hwpx	병무청	2018	hwpx	amount	1	2	
u_extract_data-001070	extract-data	kind	KIND_UNKNOWN	samples/산림청/2018/extract-data-001070.hwp	산림청	2018	hwp	token	2	2	
u_extract_data-001071	extract-data	kind	KIND_OK	samples/중소벤처기업부/2018/extract-data-001071.hwpx	중소벤처기업부	2018	hwpx	date	3	3	
u_extract_data-001072	extract-data	kind	KIND_OK	samples/과학기술정보통신부/2018/extract-data-001072.hwp	과학기술정보통신부	2018	hwp	amount	4	4	
u_extract_data-001073	extract-data	kind	KIND_OK	samples/문화체육관광부/2018/extract-data-001073.hwpx	문화체육관광부	2018	hwpx	number	5	5	
u_extract_data-001074	extract-data	kind	KIND_OK	samples/환경부/2018/extract-data-001074.hwp	환경부	2018	hwp	all	6	6	
u_extract_data-001075	extract-data	kind	KIND_OK	samples/해양수산부/2018/extract-data-001075.hwpx	해양수산부	2018	hwpx	date	7	7	
u_extract_data-001076	extract-data	kind	COUNT_DRIFT	samples/서울특별시/2018/extract-data-001076.hwp	서울특별시	2018	hwp	amount	8	9	
u_extract_data-001077	extract-data	kind	KIND_UNKNOWN	samples/경기도/2018/extract-data-001077.hwpx	경기도	2018	hwpx	token	9	9	
u_extract_data-001078	extract-data	kind	KIND_OK	samples/부산광역시/2018/extract-data-001078.hwp	부산광역시	2018	hwp	date	10	10	
u_extract_data-001079	extract-data	kind	KIND_OK	samples/제주특별자치도/2018/extract-data-001079.hwpx	제주특별자치도	2018	hwpx	amount	11	11	
u_extract_data-001080	extract-data	kind	KIND_OK	samples/법제처/2019/extract-data-001080.hwp	법제처	2019	hwp	number	0	0	
u_extract_data-001081	extract-data	kind	KIND_OK	samples/행정안전부/2019/extract-data-001081.hwpx	행정안전부	2019	hwpx	all	1	1	
u_extract_data-001082	extract-data	kind	KIND_OK	samples/국세청/2019/extract-data-001082.hwp	국세청	2019	hwp	date	2	2	
u_extract_data-001083	extract-data	kind	COUNT_DRIFT	samples/대법원/2019/extract-data-001083.hwpx	대법원	2019	hwpx	amount	3	4	
u_extract_data-001084	extract-data	kind	KIND_UNKNOWN	samples/특허청/2019/extract-data-001084.hwp	특허청	2019	hwp	token	4	4	
u_extract_data-001085	extract-data	kind	KIND_OK	samples/교육부/2019/extract-data-001085.hwpx	교육부	2019	hwpx	date	5	5	
u_extract_data-001086	extract-data	kind	KIND_OK	samples/보건복지부/2019/extract-data-001086.hwp	보건복지부	2019	hwp	amount	6	6	
u_extract_data-001087	extract-data	kind	KIND_OK	samples/국토교통부/2019/extract-data-001087.hwpx	국토교통부	2019	hwpx	number	7	7	
u_extract_data-001088	extract-data	kind	KIND_OK	samples/고용노동부/2019/extract-data-001088.hwp	고용노동부	2019	hwp	all	8	8	
u_extract_data-001089	extract-data	kind	KIND_OK	samples/외교부/2019/extract-data-001089.hwpx	외교부	2019	hwpx	date	9	9	
u_extract_data-001090	extract-data	kind	COUNT_DRIFT	samples/기획재정부/2019/extract-data-001090.hwp	기획재정부	2019	hwp	amount	10	11	
u_extract_data-001091	extract-data	kind	KIND_UNKNOWN	samples/공정거래위원회/2019/extract-data-001091.hwpx	공정거래위원회	2019	hwpx	token	11	11	
u_extract_data-001092	extract-data	kind	KIND_OK	samples/금융위원회/2019/extract-data-001092.hwp	금융위원회	2019	hwp	date	0	0	
u_extract_data-001093	extract-data	kind	KIND_OK	samples/통계청/2019/extract-data-001093.hwpx	통계청	2019	hwpx	amount	1	1	
u_extract_data-001094	extract-data	kind	KIND_OK	samples/기상청/2019/extract-data-001094.hwp	기상청	2019	hwp	number	2	2	
u_extract_data-001095	extract-data	kind	KIND_OK	samples/관세청/2019/extract-data-001095.hwpx	관세청	2019	hwpx	all	3	3	
u_extract_data-001096	extract-data	kind	KIND_OK	samples/검찰청/2019/extract-data-001096.hwp	검찰청	2019	hwp	date	4	4	
u_extract_data-001097	extract-data	kind	COUNT_DRIFT	samples/경찰청/2019/extract-data-001097.hwpx	경찰청	2019	hwpx	amount	5	6	
u_extract_data-001098	extract-data	kind	KIND_UNKNOWN	samples/소방청/2019/extract-data-001098.hwp	소방청	2019	hwp	token	6	6	
u_extract_data-001099	extract-data	kind	KIND_OK	samples/병무청/2019/extract-data-001099.hwpx	병무청	2019	hwpx	date	7	7	
u_extract_data-001100	extract-data	kind	KIND_OK	samples/산림청/2019/extract-data-001100.hwp	산림청	2019	hwp	amount	8	8	
u_extract_data-001101	extract-data	kind	KIND_OK	samples/중소벤처기업부/2019/extract-data-001101.hwpx	중소벤처기업부	2019	hwpx	number	9	9	
u_extract_data-001102	extract-data	kind	KIND_OK	samples/과학기술정보통신부/2019/extract-data-001102.hwp	과학기술정보통신부	2019	hwp	all	10	10	
u_extract_data-001103	extract-data	kind	KIND_OK	samples/문화체육관광부/2019/extract-data-001103.hwpx	문화체육관광부	2019	hwpx	date	11	11	
u_extract_data-001104	extract-data	kind	COUNT_DRIFT	samples/환경부/2019/extract-data-001104.hwp	환경부	2019	hwp	amount	0	1	
u_extract_data-001105	extract-data	kind	KIND_UNKNOWN	samples/해양수산부/2019/extract-data-001105.hwpx	해양수산부	2019	hwpx	token	1	1	
u_extract_data-001106	extract-data	kind	KIND_OK	samples/서울특별시/2019/extract-data-001106.hwp	서울특별시	2019	hwp	date	2	2	
u_extract_data-001107	extract-data	kind	KIND_OK	samples/경기도/2019/extract-data-001107.hwpx	경기도	2019	hwpx	amount	3	3	
u_extract_data-001108	extract-data	kind	KIND_OK	samples/부산광역시/2019/extract-data-001108.hwp	부산광역시	2019	hwp	number	4	4	
u_extract_data-001109	extract-data	kind	KIND_OK	samples/제주특별자치도/2019/extract-data-001109.hwpx	제주특별자치도	2019	hwpx	all	5	5	
u_extract_data-001110	extract-data	kind	KIND_OK	samples/법제처/2020/extract-data-001110.hwp	법제처	2020	hwp	date	6	6	
u_extract_data-001111	extract-data	kind	COUNT_DRIFT	samples/행정안전부/2020/extract-data-001111.hwpx	행정안전부	2020	hwpx	amount	7	8	
u_extract_data-001112	extract-data	kind	KIND_UNKNOWN	samples/국세청/2020/extract-data-001112.hwp	국세청	2020	hwp	token	8	8	
u_extract_data-001113	extract-data	kind	KIND_OK	samples/대법원/2020/extract-data-001113.hwpx	대법원	2020	hwpx	date	9	9	
u_extract_data-001114	extract-data	kind	KIND_OK	samples/특허청/2020/extract-data-001114.hwp	특허청	2020	hwp	amount	10	10	
u_extract_data-001115	extract-data	kind	KIND_OK	samples/교육부/2020/extract-data-001115.hwpx	교육부	2020	hwpx	number	11	11	
u_extract_data-001116	extract-data	kind	KIND_OK	samples/보건복지부/2020/extract-data-001116.hwp	보건복지부	2020	hwp	all	0	0	
u_extract_data-001117	extract-data	kind	KIND_OK	samples/국토교통부/2020/extract-data-001117.hwpx	국토교통부	2020	hwpx	date	1	1	
u_extract_data-001118	extract-data	kind	COUNT_DRIFT	samples/고용노동부/2020/extract-data-001118.hwp	고용노동부	2020	hwp	amount	2	3	
u_extract_data-001119	extract-data	kind	KIND_UNKNOWN	samples/외교부/2020/extract-data-001119.hwpx	외교부	2020	hwpx	token	3	3	
u_extract_data-001120	extract-data	kind	KIND_OK	samples/기획재정부/2020/extract-data-001120.hwp	기획재정부	2020	hwp	date	4	4	
u_extract_data-001121	extract-data	kind	KIND_OK	samples/공정거래위원회/2020/extract-data-001121.hwpx	공정거래위원회	2020	hwpx	amount	5	5	
u_extract_data-001122	extract-data	kind	KIND_OK	samples/금융위원회/2020/extract-data-001122.hwp	금융위원회	2020	hwp	number	6	6	
u_extract_data-001123	extract-data	kind	KIND_OK	samples/통계청/2020/extract-data-001123.hwpx	통계청	2020	hwpx	all	7	7	
u_extract_data-001124	extract-data	kind	KIND_OK	samples/기상청/2020/extract-data-001124.hwp	기상청	2020	hwp	date	8	8	
u_extract_data-001125	extract-data	kind	COUNT_DRIFT	samples/관세청/2020/extract-data-001125.hwpx	관세청	2020	hwpx	amount	9	10	
u_extract_data-001126	extract-data	kind	KIND_UNKNOWN	samples/검찰청/2020/extract-data-001126.hwp	검찰청	2020	hwp	token	10	10	
u_extract_data-001127	extract-data	kind	KIND_OK	samples/경찰청/2020/extract-data-001127.hwpx	경찰청	2020	hwpx	date	11	11	
u_extract_data-001128	extract-data	kind	KIND_OK	samples/소방청/2020/extract-data-001128.hwp	소방청	2020	hwp	amount	0	0	
u_extract_data-001129	extract-data	kind	KIND_OK	samples/병무청/2020/extract-data-001129.hwpx	병무청	2020	hwpx	number	1	1	
u_extract_data-001130	extract-data	kind	KIND_OK	samples/산림청/2020/extract-data-001130.hwp	산림청	2020	hwp	all	2	2	
u_extract_data-001131	extract-data	kind	KIND_OK	samples/중소벤처기업부/2020/extract-data-001131.hwpx	중소벤처기업부	2020	hwpx	date	3	3	
u_extract_data-001132	extract-data	kind	COUNT_DRIFT	samples/과학기술정보통신부/2020/extract-data-001132.hwp	과학기술정보통신부	2020	hwp	amount	4	5	
u_extract_data-001133	extract-data	kind	KIND_UNKNOWN	samples/문화체육관광부/2020/extract-data-001133.hwpx	문화체육관광부	2020	hwpx	token	5	5	
u_extract_data-001134	extract-data	kind	KIND_OK	samples/환경부/2020/extract-data-001134.hwp	환경부	2020	hwp	date	6	6	
u_extract_data-001135	extract-data	kind	KIND_OK	samples/해양수산부/2020/extract-data-001135.hwpx	해양수산부	2020	hwpx	amount	7	7	
u_extract_data-001136	extract-data	kind	KIND_OK	samples/서울특별시/2020/extract-data-001136.hwp	서울특별시	2020	hwp	number	8	8	
u_extract_data-001137	extract-data	kind	KIND_OK	samples/경기도/2020/extract-data-001137.hwpx	경기도	2020	hwpx	all	9	9	
u_extract_data-001138	extract-data	kind	KIND_OK	samples/부산광역시/2020/extract-data-001138.hwp	부산광역시	2020	hwp	date	10	10	
u_extract_data-001139	extract-data	kind	COUNT_DRIFT	samples/제주특별자치도/2020/extract-data-001139.hwpx	제주특별자치도	2020	hwpx	amount	11	12	
u_extract_data-001140	extract-data	kind	KIND_UNKNOWN	samples/법제처/2021/extract-data-001140.hwp	법제처	2021	hwp	token	0	0	
u_extract_data-001141	extract-data	kind	KIND_OK	samples/행정안전부/2021/extract-data-001141.hwpx	행정안전부	2021	hwpx	date	1	1	
u_extract_data-001142	extract-data	kind	KIND_OK	samples/국세청/2021/extract-data-001142.hwp	국세청	2021	hwp	amount	2	2	
u_extract_data-001143	extract-data	kind	KIND_OK	samples/대법원/2021/extract-data-001143.hwpx	대법원	2021	hwpx	number	3	3	
u_extract_data-001144	extract-data	kind	KIND_OK	samples/특허청/2021/extract-data-001144.hwp	특허청	2021	hwp	all	4	4	
u_extract_data-001145	extract-data	kind	KIND_OK	samples/교육부/2021/extract-data-001145.hwpx	교육부	2021	hwpx	date	5	5	
u_extract_data-001146	extract-data	kind	COUNT_DRIFT	samples/보건복지부/2021/extract-data-001146.hwp	보건복지부	2021	hwp	amount	6	7	
u_extract_data-001147	extract-data	kind	KIND_UNKNOWN	samples/국토교통부/2021/extract-data-001147.hwpx	국토교통부	2021	hwpx	token	7	7	
u_extract_data-001148	extract-data	kind	KIND_OK	samples/고용노동부/2021/extract-data-001148.hwp	고용노동부	2021	hwp	date	8	8	
u_extract_data-001149	extract-data	kind	KIND_OK	samples/외교부/2021/extract-data-001149.hwpx	외교부	2021	hwpx	amount	9	9	
u_extract_data-001150	extract-data	kind	KIND_OK	samples/기획재정부/2021/extract-data-001150.hwp	기획재정부	2021	hwp	number	10	10	
u_extract_data-001151	extract-data	kind	KIND_OK	samples/공정거래위원회/2021/extract-data-001151.hwpx	공정거래위원회	2021	hwpx	all	11	11	
u_extract_data-001152	extract-data	kind	KIND_OK	samples/금융위원회/2021/extract-data-001152.hwp	금융위원회	2021	hwp	date	0	0	
u_extract_data-001153	extract-data	kind	COUNT_DRIFT	samples/통계청/2021/extract-data-001153.hwpx	통계청	2021	hwpx	amount	1	2	
u_extract_data-001154	extract-data	kind	KIND_UNKNOWN	samples/기상청/2021/extract-data-001154.hwp	기상청	2021	hwp	token	2	2	
u_extract_data-001155	extract-data	kind	KIND_OK	samples/관세청/2021/extract-data-001155.hwpx	관세청	2021	hwpx	date	3	3	
u_extract_data-001156	extract-data	kind	KIND_OK	samples/검찰청/2021/extract-data-001156.hwp	검찰청	2021	hwp	amount	4	4	
u_extract_data-001157	extract-data	kind	KIND_OK	samples/경찰청/2021/extract-data-001157.hwpx	경찰청	2021	hwpx	number	5	5	
u_extract_data-001158	extract-data	kind	KIND_OK	samples/소방청/2021/extract-data-001158.hwp	소방청	2021	hwp	all	6	6	
u_extract_data-001159	extract-data	kind	KIND_OK	samples/병무청/2021/extract-data-001159.hwpx	병무청	2021	hwpx	date	7	7	
u_extract_data-001160	extract-data	kind	COUNT_DRIFT	samples/산림청/2021/extract-data-001160.hwp	산림청	2021	hwp	amount	8	9	
u_extract_data-001161	extract-data	kind	KIND_UNKNOWN	samples/중소벤처기업부/2021/extract-data-001161.hwpx	중소벤처기업부	2021	hwpx	token	9	9	
u_extract_data-001162	extract-data	kind	KIND_OK	samples/과학기술정보통신부/2021/extract-data-001162.hwp	과학기술정보통신부	2021	hwp	date	10	10	
u_extract_data-001163	extract-data	kind	KIND_OK	samples/문화체육관광부/2021/extract-data-001163.hwpx	문화체육관광부	2021	hwpx	amount	11	11	
u_extract_data-001164	extract-data	kind	KIND_OK	samples/환경부/2021/extract-data-001164.hwp	환경부	2021	hwp	number	0	0	
u_extract_data-001165	extract-data	kind	KIND_OK	samples/해양수산부/2021/extract-data-001165.hwpx	해양수산부	2021	hwpx	all	1	1	
u_extract_data-001166	extract-data	kind	KIND_OK	samples/서울특별시/2021/extract-data-001166.hwp	서울특별시	2021	hwp	date	2	2	
u_extract_data-001167	extract-data	kind	COUNT_DRIFT	samples/경기도/2021/extract-data-001167.hwpx	경기도	2021	hwpx	amount	3	4	
u_extract_data-001168	extract-data	kind	KIND_UNKNOWN	samples/부산광역시/2021/extract-data-001168.hwp	부산광역시	2021	hwp	token	4	4	
u_extract_data-001169	extract-data	kind	KIND_OK	samples/제주특별자치도/2021/extract-data-001169.hwpx	제주특별자치도	2021	hwpx	date	5	5	
u_extract_data-001170	extract-data	kind	KIND_OK	samples/법제처/2022/extract-data-001170.hwp	법제처	2022	hwp	amount	6	6	
u_extract_data-001171	extract-data	kind	KIND_OK	samples/행정안전부/2022/extract-data-001171.hwpx	행정안전부	2022	hwpx	number	7	7	
u_extract_data-001172	extract-data	kind	KIND_OK	samples/국세청/2022/extract-data-001172.hwp	국세청	2022	hwp	all	8	8	
u_extract_data-001173	extract-data	kind	KIND_OK	samples/대법원/2022/extract-data-001173.hwpx	대법원	2022	hwpx	date	9	9	
u_extract_data-001174	extract-data	kind	COUNT_DRIFT	samples/특허청/2022/extract-data-001174.hwp	특허청	2022	hwp	amount	10	11	
u_extract_data-001175	extract-data	kind	KIND_UNKNOWN	samples/교육부/2022/extract-data-001175.hwpx	교육부	2022	hwpx	token	11	11	
u_extract_data-001176	extract-data	kind	KIND_OK	samples/보건복지부/2022/extract-data-001176.hwp	보건복지부	2022	hwp	date	0	0	
u_extract_data-001177	extract-data	kind	KIND_OK	samples/국토교통부/2022/extract-data-001177.hwpx	국토교통부	2022	hwpx	amount	1	1	
u_extract_data-001178	extract-data	kind	KIND_OK	samples/고용노동부/2022/extract-data-001178.hwp	고용노동부	2022	hwp	number	2	2	
u_extract_data-001179	extract-data	kind	KIND_OK	samples/외교부/2022/extract-data-001179.hwpx	외교부	2022	hwpx	all	3	3	
u_extract_data-001180	extract-data	kind	KIND_OK	samples/기획재정부/2022/extract-data-001180.hwp	기획재정부	2022	hwp	date	4	4	
u_extract_data-001181	extract-data	kind	COUNT_DRIFT	samples/공정거래위원회/2022/extract-data-001181.hwpx	공정거래위원회	2022	hwpx	amount	5	6	
u_extract_data-001182	extract-data	kind	KIND_UNKNOWN	samples/금융위원회/2022/extract-data-001182.hwp	금융위원회	2022	hwp	token	6	6	
u_extract_data-001183	extract-data	kind	KIND_OK	samples/통계청/2022/extract-data-001183.hwpx	통계청	2022	hwpx	date	7	7	
u_extract_data-001184	extract-data	kind	KIND_OK	samples/기상청/2022/extract-data-001184.hwp	기상청	2022	hwp	amount	8	8	
u_extract_data-001185	extract-data	kind	KIND_OK	samples/관세청/2022/extract-data-001185.hwpx	관세청	2022	hwpx	number	9	9	
u_extract_data-001186	extract-data	kind	KIND_OK	samples/검찰청/2022/extract-data-001186.hwp	검찰청	2022	hwp	all	10	10	
u_extract_data-001187	extract-data	kind	KIND_OK	samples/경찰청/2022/extract-data-001187.hwpx	경찰청	2022	hwpx	date	11	11	
u_extract_data-001188	extract-data	kind	COUNT_DRIFT	samples/소방청/2022/extract-data-001188.hwp	소방청	2022	hwp	amount	0	1	
u_extract_data-001189	extract-data	kind	KIND_UNKNOWN	samples/병무청/2022/extract-data-001189.hwpx	병무청	2022	hwpx	token	1	1	
u_extract_data-001190	extract-data	kind	KIND_OK	samples/산림청/2022/extract-data-001190.hwp	산림청	2022	hwp	date	2	2	
u_extract_data-001191	extract-data	kind	KIND_OK	samples/중소벤처기업부/2022/extract-data-001191.hwpx	중소벤처기업부	2022	hwpx	amount	3	3	
u_extract_data-001192	extract-data	kind	KIND_OK	samples/과학기술정보통신부/2022/extract-data-001192.hwp	과학기술정보통신부	2022	hwp	number	4	4	
u_extract_data-001193	extract-data	kind	KIND_OK	samples/문화체육관광부/2022/extract-data-001193.hwpx	문화체육관광부	2022	hwpx	all	5	5	
u_extract_data-001194	extract-data	kind	KIND_OK	samples/환경부/2022/extract-data-001194.hwp	환경부	2022	hwp	date	6	6	
u_extract_data-001195	extract-data	kind	COUNT_DRIFT	samples/해양수산부/2022/extract-data-001195.hwpx	해양수산부	2022	hwpx	amount	7	8	
u_extract_data-001196	extract-data	kind	KIND_UNKNOWN	samples/서울특별시/2022/extract-data-001196.hwp	서울특별시	2022	hwp	token	8	8	
u_extract_data-001197	extract-data	kind	KIND_OK	samples/경기도/2022/extract-data-001197.hwpx	경기도	2022	hwpx	date	9	9	
u_extract_data-001198	extract-data	kind	KIND_OK	samples/부산광역시/2022/extract-data-001198.hwp	부산광역시	2022	hwp	amount	10	10	
u_extract_data-001199	extract-data	kind	KIND_OK	samples/제주특별자치도/2022/extract-data-001199.hwpx	제주특별자치도	2022	hwpx	number	11	11	
u_extract_data-001200	extract-data	kind	KIND_OK	samples/법제처/2023/extract-data-001200.hwp	법제처	2023	hwp	all	0	0	
u_extract_data-001201	extract-data	kind	KIND_OK	samples/행정안전부/2023/extract-data-001201.hwpx	행정안전부	2023	hwpx	date	1	1	
u_extract_data-001202	extract-data	kind	COUNT_DRIFT	samples/국세청/2023/extract-data-001202.hwp	국세청	2023	hwp	amount	2	3	
u_extract_data-001203	extract-data	kind	KIND_UNKNOWN	samples/대법원/2023/extract-data-001203.hwpx	대법원	2023	hwpx	token	3	3	
u_extract_data-001204	extract-data	kind	KIND_OK	samples/특허청/2023/extract-data-001204.hwp	특허청	2023	hwp	date	4	4	
u_extract_data-001205	extract-data	kind	KIND_OK	samples/교육부/2023/extract-data-001205.hwpx	교육부	2023	hwpx	amount	5	5	
u_extract_data-001206	extract-data	kind	KIND_OK	samples/보건복지부/2023/extract-data-001206.hwp	보건복지부	2023	hwp	number	6	6	
u_extract_data-001207	extract-data	kind	KIND_OK	samples/국토교통부/2023/extract-data-001207.hwpx	국토교통부	2023	hwpx	all	7	7	
u_extract_data-001208	extract-data	kind	KIND_OK	samples/고용노동부/2023/extract-data-001208.hwp	고용노동부	2023	hwp	date	8	8	
u_extract_data-001209	extract-data	kind	COUNT_DRIFT	samples/외교부/2023/extract-data-001209.hwpx	외교부	2023	hwpx	amount	9	10	
u_extract_data-001210	extract-data	kind	KIND_UNKNOWN	samples/기획재정부/2023/extract-data-001210.hwp	기획재정부	2023	hwp	token	10	10	
u_extract_data-001211	extract-data	kind	KIND_OK	samples/공정거래위원회/2023/extract-data-001211.hwpx	공정거래위원회	2023	hwpx	date	11	11	
u_extract_data-001212	extract-data	kind	KIND_OK	samples/금융위원회/2023/extract-data-001212.hwp	금융위원회	2023	hwp	amount	0	0	
u_extract_data-001213	extract-data	kind	KIND_OK	samples/통계청/2023/extract-data-001213.hwpx	통계청	2023	hwpx	number	1	1	
u_extract_data-001214	extract-data	kind	KIND_OK	samples/기상청/2023/extract-data-001214.hwp	기상청	2023	hwp	all	2	2	
u_extract_data-001215	extract-data	kind	KIND_OK	samples/관세청/2023/extract-data-001215.hwpx	관세청	2023	hwpx	date	3	3	
u_extract_data-001216	extract-data	kind	COUNT_DRIFT	samples/검찰청/2023/extract-data-001216.hwp	검찰청	2023	hwp	amount	4	5	
u_extract_data-001217	extract-data	kind	KIND_UNKNOWN	samples/경찰청/2023/extract-data-001217.hwpx	경찰청	2023	hwpx	token	5	5	
u_extract_data-001218	extract-data	kind	KIND_OK	samples/소방청/2023/extract-data-001218.hwp	소방청	2023	hwp	date	6	6	
u_extract_data-001219	extract-data	kind	KIND_OK	samples/병무청/2023/extract-data-001219.hwpx	병무청	2023	hwpx	amount	7	7	
u_extract_data-001220	extract-data	kind	KIND_OK	samples/산림청/2023/extract-data-001220.hwp	산림청	2023	hwp	number	8	8	
u_extract_data-001221	extract-data	kind	KIND_OK	samples/중소벤처기업부/2023/extract-data-001221.hwpx	중소벤처기업부	2023	hwpx	all	9	9	
u_extract_data-001222	extract-data	kind	KIND_OK	samples/과학기술정보통신부/2023/extract-data-001222.hwp	과학기술정보통신부	2023	hwp	date	10	10	
u_extract_data-001223	extract-data	kind	COUNT_DRIFT	samples/문화체육관광부/2023/extract-data-001223.hwpx	문화체육관광부	2023	hwpx	amount	11	12	
u_extract_data-001224	extract-data	kind	KIND_UNKNOWN	samples/환경부/2023/extract-data-001224.hwp	환경부	2023	hwp	token	0	0	
u_extract_data-001225	extract-data	kind	KIND_OK	samples/해양수산부/2023/extract-data-001225.hwpx	해양수산부	2023	hwpx	date	1	1	
u_extract_data-001226	extract-data	kind	KIND_OK	samples/서울특별시/2023/extract-data-001226.hwp	서울특별시	2023	hwp	amount	2	2	
u_extract_data-001227	extract-data	kind	KIND_OK	samples/경기도/2023/extract-data-001227.hwpx	경기도	2023	hwpx	number	3	3	
u_extract_data-001228	extract-data	kind	KIND_OK	samples/부산광역시/2023/extract-data-001228.hwp	부산광역시	2023	hwp	all	4	4	
u_extract_data-001229	extract-data	kind	KIND_OK	samples/제주특별자치도/2023/extract-data-001229.hwpx	제주특별자치도	2023	hwpx	date	5	5	
u_extract_data-001230	extract-data	kind	COUNT_DRIFT	samples/법제처/2024/extract-data-001230.hwp	법제처	2024	hwp	amount	6	7	
u_extract_data-001231	extract-data	kind	KIND_UNKNOWN	samples/행정안전부/2024/extract-data-001231.hwpx	행정안전부	2024	hwpx	token	7	7	
u_extract_data-001232	extract-data	kind	KIND_OK	samples/국세청/2024/extract-data-001232.hwp	국세청	2024	hwp	date	8	8	
u_extract_data-001233	extract-data	kind	KIND_OK	samples/대법원/2024/extract-data-001233.hwpx	대법원	2024	hwpx	amount	9	9	
u_extract_data-001234	extract-data	kind	KIND_OK	samples/특허청/2024/extract-data-001234.hwp	특허청	2024	hwp	number	10	10	
u_extract_data-001235	extract-data	kind	KIND_OK	samples/교육부/2024/extract-data-001235.hwpx	교육부	2024	hwpx	all	11	11	
u_extract_data-001236	extract-data	kind	KIND_OK	samples/보건복지부/2024/extract-data-001236.hwp	보건복지부	2024	hwp	date	0	0	
u_extract_data-001237	extract-data	kind	COUNT_DRIFT	samples/국토교통부/2024/extract-data-001237.hwpx	국토교통부	2024	hwpx	amount	1	2	
u_extract_data-001238	extract-data	kind	KIND_UNKNOWN	samples/고용노동부/2024/extract-data-001238.hwp	고용노동부	2024	hwp	token	2	2	
u_extract_data-001239	extract-data	kind	KIND_OK	samples/외교부/2024/extract-data-001239.hwpx	외교부	2024	hwpx	date	3	3	
u_extract_data-001240	extract-data	kind	KIND_OK	samples/기획재정부/2024/extract-data-001240.hwp	기획재정부	2024	hwp	amount	4	4	
u_extract_data-001241	extract-data	kind	KIND_OK	samples/공정거래위원회/2024/extract-data-001241.hwpx	공정거래위원회	2024	hwpx	number	5	5	
u_extract_data-001242	extract-data	kind	KIND_OK	samples/금융위원회/2024/extract-data-001242.hwp	금융위원회	2024	hwp	all	6	6	
u_extract_data-001243	extract-data	kind	KIND_OK	samples/통계청/2024/extract-data-001243.hwpx	통계청	2024	hwpx	date	7	7	
u_extract_data-001244	extract-data	kind	COUNT_DRIFT	samples/기상청/2024/extract-data-001244.hwp	기상청	2024	hwp	amount	8	9	
u_extract_data-001245	extract-data	kind	KIND_UNKNOWN	samples/관세청/2024/extract-data-001245.hwpx	관세청	2024	hwpx	token	9	9	
u_extract_data-001246	extract-data	kind	KIND_OK	samples/검찰청/2024/extract-data-001246.hwp	검찰청	2024	hwp	date	10	10	
u_extract_data-001247	extract-data	kind	KIND_OK	samples/경찰청/2024/extract-data-001247.hwpx	경찰청	2024	hwpx	amount	11	11	
u_extract_data-001248	extract-data	kind	KIND_OK	samples/소방청/2024/extract-data-001248.hwp	소방청	2024	hwp	number	0	0	
u_extract_data-001249	extract-data	kind	KIND_OK	samples/병무청/2024/extract-data-001249.hwpx	병무청	2024	hwpx	all	1	1	
u_extract_data-001250	extract-data	kind	KIND_OK	samples/산림청/2024/extract-data-001250.hwp	산림청	2024	hwp	date	2	2	
u_extract_data-001251	extract-data	kind	COUNT_DRIFT	samples/중소벤처기업부/2024/extract-data-001251.hwpx	중소벤처기업부	2024	hwpx	amount	3	4	
u_extract_data-001252	extract-data	kind	KIND_UNKNOWN	samples/과학기술정보통신부/2024/extract-data-001252.hwp	과학기술정보통신부	2024	hwp	token	4	4	
u_extract_data-001253	extract-data	kind	KIND_OK	samples/문화체육관광부/2024/extract-data-001253.hwpx	문화체육관광부	2024	hwpx	date	5	5	
u_extract_data-001254	extract-data	kind	KIND_OK	samples/환경부/2024/extract-data-001254.hwp	환경부	2024	hwp	amount	6	6	
u_extract_data-001255	extract-data	kind	KIND_OK	samples/해양수산부/2024/extract-data-001255.hwpx	해양수산부	2024	hwpx	number	7	7	
u_extract_data-001256	extract-data	kind	KIND_OK	samples/서울특별시/2024/extract-data-001256.hwp	서울특별시	2024	hwp	all	8	8	
u_extract_data-001257	extract-data	kind	KIND_OK	samples/경기도/2024/extract-data-001257.hwpx	경기도	2024	hwpx	date	9	9	
u_extract_data-001258	extract-data	kind	COUNT_DRIFT	samples/부산광역시/2024/extract-data-001258.hwp	부산광역시	2024	hwp	amount	10	11	
u_extract_data-001259	extract-data	kind	KIND_UNKNOWN	samples/제주특별자치도/2024/extract-data-001259.hwpx	제주특별자치도	2024	hwpx	token	11	11	
u_extract_data-001260	extract-data	kind	KIND_OK	samples/법제처/2025/extract-data-001260.hwp	법제처	2025	hwp	date	0	0	
u_extract_data-001261	extract-data	kind	KIND_OK	samples/행정안전부/2025/extract-data-001261.hwpx	행정안전부	2025	hwpx	amount	1	1	
u_extract_data-001262	extract-data	kind	KIND_OK	samples/국세청/2025/extract-data-001262.hwp	국세청	2025	hwp	number	2	2	
u_extract_data-001263	extract-data	kind	KIND_OK	samples/대법원/2025/extract-data-001263.hwpx	대법원	2025	hwpx	all	3	3	
u_extract_data-001264	extract-data	kind	KIND_OK	samples/특허청/2025/extract-data-001264.hwp	특허청	2025	hwp	date	4	4	
u_extract_data-001265	extract-data	kind	COUNT_DRIFT	samples/교육부/2025/extract-data-001265.hwpx	교육부	2025	hwpx	amount	5	6	
u_extract_data-001266	extract-data	kind	KIND_UNKNOWN	samples/보건복지부/2025/extract-data-001266.hwp	보건복지부	2025	hwp	token	6	6	
u_extract_data-001267	extract-data	kind	KIND_OK	samples/국토교통부/2025/extract-data-001267.hwpx	국토교통부	2025	hwpx	date	7	7	
u_extract_data-001268	extract-data	kind	KIND_OK	samples/고용노동부/2025/extract-data-001268.hwp	고용노동부	2025	hwp	amount	8	8	
u_extract_data-001269	extract-data	kind	KIND_OK	samples/외교부/2025/extract-data-001269.hwpx	외교부	2025	hwpx	number	9	9	
u_extract_data-001270	extract-data	kind	KIND_OK	samples/기획재정부/2025/extract-data-001270.hwp	기획재정부	2025	hwp	all	10	10	
u_extract_data-001271	extract-data	kind	KIND_OK	samples/공정거래위원회/2025/extract-data-001271.hwpx	공정거래위원회	2025	hwpx	date	11	11	
u_extract_data-001272	extract-data	kind	COUNT_DRIFT	samples/금융위원회/2025/extract-data-001272.hwp	금융위원회	2025	hwp	amount	0	1	
u_extract_data-001273	extract-data	kind	KIND_UNKNOWN	samples/통계청/2025/extract-data-001273.hwpx	통계청	2025	hwpx	token	1	1	
u_extract_data-001274	extract-data	kind	KIND_OK	samples/기상청/2025/extract-data-001274.hwp	기상청	2025	hwp	date	2	2	
u_extract_data-001275	extract-data	kind	KIND_OK	samples/관세청/2025/extract-data-001275.hwpx	관세청	2025	hwpx	amount	3	3	
u_extract_data-001276	extract-data	kind	KIND_OK	samples/검찰청/2025/extract-data-001276.hwp	검찰청	2025	hwp	number	4	4	
u_extract_data-001277	extract-data	kind	KIND_OK	samples/경찰청/2025/extract-data-001277.hwpx	경찰청	2025	hwpx	all	5	5	
u_extract_data-001278	extract-data	kind	KIND_OK	samples/소방청/2025/extract-data-001278.hwp	소방청	2025	hwp	date	6	6	
u_extract_data-001279	extract-data	kind	COUNT_DRIFT	samples/병무청/2025/extract-data-001279.hwpx	병무청	2025	hwpx	amount	7	8	
u_extract_data-001280	extract-data	kind	KIND_UNKNOWN	samples/산림청/2025/extract-data-001280.hwp	산림청	2025	hwp	token	8	8	
u_extract_data-001281	extract-data	kind	KIND_OK	samples/중소벤처기업부/2025/extract-data-001281.hwpx	중소벤처기업부	2025	hwpx	date	9	9	
u_extract_data-001282	extract-data	kind	KIND_OK	samples/과학기술정보통신부/2025/extract-data-001282.hwp	과학기술정보통신부	2025	hwp	amount	10	10	
u_extract_data-001283	extract-data	kind	KIND_OK	samples/문화체육관광부/2025/extract-data-001283.hwpx	문화체육관광부	2025	hwpx	number	11	11	
u_extract_data-001284	extract-data	kind	KIND_OK	samples/환경부/2025/extract-data-001284.hwp	환경부	2025	hwp	all	0	0	
u_extract_data-001285	extract-data	kind	KIND_OK	samples/해양수산부/2025/extract-data-001285.hwpx	해양수산부	2025	hwpx	date	1	1	
u_extract_data-001286	extract-data	kind	COUNT_DRIFT	samples/서울특별시/2025/extract-data-001286.hwp	서울특별시	2025	hwp	amount	2	3	
u_extract_data-001287	extract-data	kind	KIND_UNKNOWN	samples/경기도/2025/extract-data-001287.hwpx	경기도	2025	hwpx	token	3	3	
u_extract_data-001288	extract-data	kind	KIND_OK	samples/부산광역시/2025/extract-data-001288.hwp	부산광역시	2025	hwp	date	4	4	
u_extract_data-001289	extract-data	kind	KIND_OK	samples/제주특별자치도/2025/extract-data-001289.hwpx	제주특별자치도	2025	hwpx	amount	5	5	
u_extract_data-001290	extract-data	kind	KIND_OK	samples/법제처/2026/extract-data-001290.hwp	법제처	2026	hwp	number	6	6	
u_extract_data-001291	extract-data	kind	KIND_OK	samples/행정안전부/2026/extract-data-001291.hwpx	행정안전부	2026	hwpx	all	7	7	
u_extract_data-001292	extract-data	kind	KIND_OK	samples/국세청/2026/extract-data-001292.hwp	국세청	2026	hwp	date	8	8	
u_extract_data-001293	extract-data	kind	COUNT_DRIFT	samples/대법원/2026/extract-data-001293.hwpx	대법원	2026	hwpx	amount	9	10	
u_extract_data-001294	extract-data	kind	KIND_UNKNOWN	samples/특허청/2026/extract-data-001294.hwp	특허청	2026	hwp	token	10	10	
u_extract_data-001295	extract-data	kind	KIND_OK	samples/교육부/2026/extract-data-001295.hwpx	교육부	2026	hwpx	date	11	11	
u_extract_data-001296	extract-data	kind	KIND_OK	samples/보건복지부/2026/extract-data-001296.hwp	보건복지부	2026	hwp	amount	0	0	
u_extract_data-001297	extract-data	kind	KIND_OK	samples/국토교통부/2026/extract-data-001297.hwpx	국토교통부	2026	hwpx	number	1	1	
u_extract_data-001298	extract-data	kind	KIND_OK	samples/고용노동부/2026/extract-data-001298.hwp	고용노동부	2026	hwp	all	2	2	
u_extract_data-001299	extract-data	kind	KIND_OK	samples/외교부/2026/extract-data-001299.hwpx	외교부	2026	hwpx	date	3	3	
u_extract_data-001300	extract-data	kind	COUNT_DRIFT	samples/기획재정부/2026/extract-data-001300.hwp	기획재정부	2026	hwp	amount	4	5	
u_extract_data-001301	extract-data	kind	KIND_UNKNOWN	samples/공정거래위원회/2026/extract-data-001301.hwpx	공정거래위원회	2026	hwpx	token	5	5	
u_extract_data-001302	extract-data	kind	KIND_OK	samples/금융위원회/2026/extract-data-001302.hwp	금융위원회	2026	hwp	date	6	6	
u_extract_data-001303	extract-data	kind	KIND_OK	samples/통계청/2026/extract-data-001303.hwpx	통계청	2026	hwpx	amount	7	7	
u_extract_data-001304	extract-data	kind	KIND_OK	samples/기상청/2026/extract-data-001304.hwp	기상청	2026	hwp	number	8	8	
u_extract_data-001305	extract-data	kind	KIND_OK	samples/관세청/2026/extract-data-001305.hwpx	관세청	2026	hwpx	all	9	9	
u_extract_data-001306	extract-data	kind	KIND_OK	samples/검찰청/2026/extract-data-001306.hwp	검찰청	2026	hwp	date	10	10	
u_extract_data-001307	extract-data	kind	COUNT_DRIFT	samples/경찰청/2026/extract-data-001307.hwpx	경찰청	2026	hwpx	amount	11	12	
u_extract_data-001308	extract-data	kind	KIND_UNKNOWN	samples/소방청/2026/extract-data-001308.hwp	소방청	2026	hwp	token	0	0	
u_extract_data-001309	extract-data	kind	KIND_OK	samples/병무청/2026/extract-data-001309.hwpx	병무청	2026	hwpx	date	1	1	
u_extract_data-001310	extract-data	kind	KIND_OK	samples/산림청/2026/extract-data-001310.hwp	산림청	2026	hwp	amount	2	2	
u_extract_data-001311	extract-data	kind	KIND_OK	samples/중소벤처기업부/2026/extract-data-001311.hwpx	중소벤처기업부	2026	hwpx	number	3	3	
u_extract_data-001312	extract-data	kind	KIND_OK	samples/과학기술정보통신부/2026/extract-data-001312.hwp	과학기술정보통신부	2026	hwp	all	4	4	
u_extract_data-001313	extract-data	kind	KIND_OK	samples/문화체육관광부/2026/extract-data-001313.hwpx	문화체육관광부	2026	hwpx	date	5	5	
u_extract_data-001314	extract-data	kind	COUNT_DRIFT	samples/환경부/2026/extract-data-001314.hwp	환경부	2026	hwp	amount	6	7	
u_extract_data-001315	extract-data	kind	KIND_UNKNOWN	samples/해양수산부/2026/extract-data-001315.hwpx	해양수산부	2026	hwpx	token	7	7	
u_extract_data-001316	extract-data	kind	KIND_OK	samples/서울특별시/2026/extract-data-001316.hwp	서울특별시	2026	hwp	date	8	8	
u_extract_data-001317	extract-data	kind	KIND_OK	samples/경기도/2026/extract-data-001317.hwpx	경기도	2026	hwpx	amount	9	9	
u_extract_data-001318	extract-data	kind	KIND_OK	samples/부산광역시/2026/extract-data-001318.hwp	부산광역시	2026	hwp	number	10	10	
u_extract_data-001319	extract-data	kind	KIND_OK	samples/제주특별자치도/2026/extract-data-001319.hwpx	제주특별자치도	2026	hwpx	all	11	11	
u_extract_data-001320	extract-data	kind	KIND_OK	samples/법제처/2016/extract-data-001320.hwp	법제처	2016	hwp	date	0	0	
u_extract_data-001321	extract-data	kind	COUNT_DRIFT	samples/행정안전부/2016/extract-data-001321.hwpx	행정안전부	2016	hwpx	amount	1	2	
u_extract_data-001322	extract-data	kind	KIND_UNKNOWN	samples/국세청/2016/extract-data-001322.hwp	국세청	2016	hwp	token	2	2	
u_extract_data-001323	extract-data	kind	KIND_OK	samples/대법원/2016/extract-data-001323.hwpx	대법원	2016	hwpx	date	3	3	
u_extract_data-001324	extract-data	kind	KIND_OK	samples/특허청/2016/extract-data-001324.hwp	특허청	2016	hwp	amount	4	4	
u_extract_data-001325	extract-data	kind	KIND_OK	samples/교육부/2016/extract-data-001325.hwpx	교육부	2016	hwpx	number	5	5	
u_extract_data-001326	extract-data	kind	KIND_OK	samples/보건복지부/2016/extract-data-001326.hwp	보건복지부	2016	hwp	all	6	6	
u_extract_data-001327	extract-data	kind	KIND_OK	samples/국토교통부/2016/extract-data-001327.hwpx	국토교통부	2016	hwpx	date	7	7	
u_extract_data-001328	extract-data	kind	COUNT_DRIFT	samples/고용노동부/2016/extract-data-001328.hwp	고용노동부	2016	hwp	amount	8	9	
u_extract_data-001329	extract-data	kind	KIND_UNKNOWN	samples/외교부/2016/extract-data-001329.hwpx	외교부	2016	hwpx	token	9	9	
u_extract_data-001330	extract-data	kind	KIND_OK	samples/기획재정부/2016/extract-data-001330.hwp	기획재정부	2016	hwp	date	10	10	
u_extract_data-001331	extract-data	kind	KIND_OK	samples/공정거래위원회/2016/extract-data-001331.hwpx	공정거래위원회	2016	hwpx	amount	11	11	
u_extract_data-001332	extract-data	kind	KIND_OK	samples/금융위원회/2016/extract-data-001332.hwp	금융위원회	2016	hwp	number	0	0	
u_extract_data-001333	extract-data	kind	KIND_OK	samples/통계청/2016/extract-data-001333.hwpx	통계청	2016	hwpx	all	1	1	
u_extract_data-001334	extract-data	kind	KIND_OK	samples/기상청/2016/extract-data-001334.hwp	기상청	2016	hwp	date	2	2	
u_extract_data-001335	extract-data	kind	COUNT_DRIFT	samples/관세청/2016/extract-data-001335.hwpx	관세청	2016	hwpx	amount	3	4	
u_extract_data-001336	extract-data	kind	KIND_UNKNOWN	samples/검찰청/2016/extract-data-001336.hwp	검찰청	2016	hwp	token	4	4	
u_extract_data-001337	extract-data	kind	KIND_OK	samples/경찰청/2016/extract-data-001337.hwpx	경찰청	2016	hwpx	date	5	5	
u_extract_data-001338	extract-data	kind	KIND_OK	samples/소방청/2016/extract-data-001338.hwp	소방청	2016	hwp	amount	6	6	
u_extract_data-001339	extract-data	kind	KIND_OK	samples/병무청/2016/extract-data-001339.hwpx	병무청	2016	hwpx	number	7	7	
u_extract_data-001340	extract-data	kind	KIND_OK	samples/산림청/2016/extract-data-001340.hwp	산림청	2016	hwp	all	8	8	
u_extract_data-001341	extract-data	kind	KIND_OK	samples/중소벤처기업부/2016/extract-data-001341.hwpx	중소벤처기업부	2016	hwpx	date	9	9	
u_extract_data-001342	extract-data	kind	COUNT_DRIFT	samples/과학기술정보통신부/2016/extract-data-001342.hwp	과학기술정보통신부	2016	hwp	amount	10	11	
u_extract_data-001343	extract-data	kind	KIND_UNKNOWN	samples/문화체육관광부/2016/extract-data-001343.hwpx	문화체육관광부	2016	hwpx	token	11	11	
u_extract_data-001344	extract-data	kind	KIND_OK	samples/환경부/2016/extract-data-001344.hwp	환경부	2016	hwp	date	0	0	
u_extract_data-001345	extract-data	kind	KIND_OK	samples/해양수산부/2016/extract-data-001345.hwpx	해양수산부	2016	hwpx	amount	1	1	
u_extract_data-001346	extract-data	kind	KIND_OK	samples/서울특별시/2016/extract-data-001346.hwp	서울특별시	2016	hwp	number	2	2	
u_extract_data-001347	extract-data	kind	KIND_OK	samples/경기도/2016/extract-data-001347.hwpx	경기도	2016	hwpx	all	3	3	
u_extract_data-001348	extract-data	kind	KIND_OK	samples/부산광역시/2016/extract-data-001348.hwp	부산광역시	2016	hwp	date	4	4	
u_extract_data-001349	extract-data	kind	COUNT_DRIFT	samples/제주특별자치도/2016/extract-data-001349.hwpx	제주특별자치도	2016	hwpx	amount	5	6	
u_extract_data-001350	extract-data	kind	KIND_UNKNOWN	samples/법제처/2017/extract-data-001350.hwp	법제처	2017	hwp	token	6	6	
u_extract_data-001351	extract-data	kind	KIND_OK	samples/행정안전부/2017/extract-data-001351.hwpx	행정안전부	2017	hwpx	date	7	7	
u_extract_data-001352	extract-data	kind	KIND_OK	samples/국세청/2017/extract-data-001352.hwp	국세청	2017	hwp	amount	8	8	
u_extract_data-001353	extract-data	kind	KIND_OK	samples/대법원/2017/extract-data-001353.hwpx	대법원	2017	hwpx	number	9	9	
u_extract_data-001354	extract-data	kind	KIND_OK	samples/특허청/2017/extract-data-001354.hwp	특허청	2017	hwp	all	10	10	
u_extract_data-001355	extract-data	kind	KIND_OK	samples/교육부/2017/extract-data-001355.hwpx	교육부	2017	hwpx	date	11	11	
u_extract_data-001356	extract-data	kind	COUNT_DRIFT	samples/보건복지부/2017/extract-data-001356.hwp	보건복지부	2017	hwp	amount	0	1	
u_extract_data-001357	extract-data	kind	KIND_UNKNOWN	samples/국토교통부/2017/extract-data-001357.hwpx	국토교통부	2017	hwpx	token	1	1	
u_extract_data-001358	extract-data	kind	KIND_OK	samples/고용노동부/2017/extract-data-001358.hwp	고용노동부	2017	hwp	date	2	2	
u_extract_data-001359	extract-data	kind	KIND_OK	samples/외교부/2017/extract-data-001359.hwpx	외교부	2017	hwpx	amount	3	3	
u_extract_data-001360	extract-data	kind	KIND_OK	samples/기획재정부/2017/extract-data-001360.hwp	기획재정부	2017	hwp	number	4	4	
u_extract_data-001361	extract-data	kind	KIND_OK	samples/공정거래위원회/2017/extract-data-001361.hwpx	공정거래위원회	2017	hwpx	all	5	5	
u_extract_data-001362	extract-data	kind	KIND_OK	samples/금융위원회/2017/extract-data-001362.hwp	금융위원회	2017	hwp	date	6	6	
u_extract_data-001363	extract-data	kind	COUNT_DRIFT	samples/통계청/2017/extract-data-001363.hwpx	통계청	2017	hwpx	amount	7	8	
u_extract_data-001364	extract-data	kind	KIND_UNKNOWN	samples/기상청/2017/extract-data-001364.hwp	기상청	2017	hwp	token	8	8	
u_extract_data-001365	extract-data	kind	KIND_OK	samples/관세청/2017/extract-data-001365.hwpx	관세청	2017	hwpx	date	9	9	
u_extract_data-001366	extract-data	kind	KIND_OK	samples/검찰청/2017/extract-data-001366.hwp	검찰청	2017	hwp	amount	10	10	
u_extract_data-001367	extract-data	kind	KIND_OK	samples/경찰청/2017/extract-data-001367.hwpx	경찰청	2017	hwpx	number	11	11	
u_extract_data-001368	extract-data	kind	KIND_OK	samples/소방청/2017/extract-data-001368.hwp	소방청	2017	hwp	all	0	0	
u_extract_data-001369	extract-data	kind	KIND_OK	samples/병무청/2017/extract-data-001369.hwpx	병무청	2017	hwpx	date	1	1	
u_extract_data-001370	extract-data	kind	COUNT_DRIFT	samples/산림청/2017/extract-data-001370.hwp	산림청	2017	hwp	amount	2	3	
u_extract_data-001371	extract-data	kind	KIND_UNKNOWN	samples/중소벤처기업부/2017/extract-data-001371.hwpx	중소벤처기업부	2017	hwpx	token	3	3	
u_extract_data-001372	extract-data	kind	KIND_OK	samples/과학기술정보통신부/2017/extract-data-001372.hwp	과학기술정보통신부	2017	hwp	date	4	4	
u_extract_data-001373	extract-data	kind	KIND_OK	samples/문화체육관광부/2017/extract-data-001373.hwpx	문화체육관광부	2017	hwpx	amount	5	5	
u_extract_data-001374	extract-data	kind	KIND_OK	samples/환경부/2017/extract-data-001374.hwp	환경부	2017	hwp	number	6	6	
u_extract_data-001375	extract-data	kind	KIND_OK	samples/해양수산부/2017/extract-data-001375.hwpx	해양수산부	2017	hwpx	all	7	7	
u_extract_data-001376	extract-data	kind	KIND_OK	samples/서울특별시/2017/extract-data-001376.hwp	서울특별시	2017	hwp	date	8	8	
u_extract_data-001377	extract-data	kind	COUNT_DRIFT	samples/경기도/2017/extract-data-001377.hwpx	경기도	2017	hwpx	amount	9	10	
u_extract_data-001378	extract-data	kind	KIND_UNKNOWN	samples/부산광역시/2017/extract-data-001378.hwp	부산광역시	2017	hwp	token	10	10	
u_extract_data-001379	extract-data	kind	KIND_OK	samples/제주특별자치도/2017/extract-data-001379.hwpx	제주특별자치도	2017	hwpx	date	11	11	
u_extract_data-001380	extract-data	kind	KIND_OK	samples/법제처/2018/extract-data-001380.hwp	법제처	2018	hwp	amount	0	0	
u_extract_data-001381	extract-data	kind	KIND_OK	samples/행정안전부/2018/extract-data-001381.hwpx	행정안전부	2018	hwpx	number	1	1	
u_extract_data-001382	extract-data	kind	KIND_OK	samples/국세청/2018/extract-data-001382.hwp	국세청	2018	hwp	all	2	2	
u_extract_data-001383	extract-data	kind	KIND_OK	samples/대법원/2018/extract-data-001383.hwpx	대법원	2018	hwpx	date	3	3	
u_extract_data-001384	extract-data	kind	COUNT_DRIFT	samples/특허청/2018/extract-data-001384.hwp	특허청	2018	hwp	amount	4	5	
u_extract_data-001385	extract-data	kind	KIND_UNKNOWN	samples/교육부/2018/extract-data-001385.hwpx	교육부	2018	hwpx	token	5	5	
u_extract_data-001386	extract-data	kind	KIND_OK	samples/보건복지부/2018/extract-data-001386.hwp	보건복지부	2018	hwp	date	6	6	
u_extract_data-001387	extract-data	kind	KIND_OK	samples/국토교통부/2018/extract-data-001387.hwpx	국토교통부	2018	hwpx	amount	7	7	
u_extract_data-001388	extract-data	kind	KIND_OK	samples/고용노동부/2018/extract-data-001388.hwp	고용노동부	2018	hwp	number	8	8	
u_extract_data-001389	extract-data	kind	KIND_OK	samples/외교부/2018/extract-data-001389.hwpx	외교부	2018	hwpx	all	9	9	
u_extract_data-001390	extract-data	kind	KIND_OK	samples/기획재정부/2018/extract-data-001390.hwp	기획재정부	2018	hwp	date	10	10	
u_extract_data-001391	extract-data	kind	COUNT_DRIFT	samples/공정거래위원회/2018/extract-data-001391.hwpx	공정거래위원회	2018	hwpx	amount	11	12	
u_extract_data-001392	extract-data	kind	KIND_UNKNOWN	samples/금융위원회/2018/extract-data-001392.hwp	금융위원회	2018	hwp	token	0	0	
u_extract_data-001393	extract-data	kind	KIND_OK	samples/통계청/2018/extract-data-001393.hwpx	통계청	2018	hwpx	date	1	1	
u_extract_data-001394	extract-data	kind	KIND_OK	samples/기상청/2018/extract-data-001394.hwp	기상청	2018	hwp	amount	2	2	
u_extract_data-001395	extract-data	kind	KIND_OK	samples/관세청/2018/extract-data-001395.hwpx	관세청	2018	hwpx	number	3	3	
u_extract_data-001396	extract-data	kind	KIND_OK	samples/검찰청/2018/extract-data-001396.hwp	검찰청	2018	hwp	all	4	4	
u_extract_data-001397	extract-data	kind	KIND_OK	samples/경찰청/2018/extract-data-001397.hwpx	경찰청	2018	hwpx	date	5	5	
u_extract_data-001398	extract-data	kind	COUNT_DRIFT	samples/소방청/2018/extract-data-001398.hwp	소방청	2018	hwp	amount	6	7	
u_extract_data-001399	extract-data	kind	KIND_UNKNOWN	samples/병무청/2018/extract-data-001399.hwpx	병무청	2018	hwpx	token	7	7	
u_extract_data-001400	extract-data	kind	KIND_OK	samples/산림청/2018/extract-data-001400.hwp	산림청	2018	hwp	date	8	8	
u_extract_data-001401	extract-data	kind	KIND_OK	samples/중소벤처기업부/2018/extract-data-001401.hwpx	중소벤처기업부	2018	hwpx	amount	9	9	
u_extract_data-001402	extract-data	kind	KIND_OK	samples/과학기술정보통신부/2018/extract-data-001402.hwp	과학기술정보통신부	2018	hwp	number	10	10	
u_extract_data-001403	extract-data	kind	KIND_OK	samples/문화체육관광부/2018/extract-data-001403.hwpx	문화체육관광부	2018	hwpx	all	11	11	
u_extract_data-001404	extract-data	kind	KIND_OK	samples/환경부/2018/extract-data-001404.hwp	환경부	2018	hwp	date	0	0	
u_extract_data-001405	extract-data	kind	COUNT_DRIFT	samples/해양수산부/2018/extract-data-001405.hwpx	해양수산부	2018	hwpx	amount	1	2	
u_extract_data-001406	extract-data	kind	KIND_UNKNOWN	samples/서울특별시/2018/extract-data-001406.hwp	서울특별시	2018	hwp	token	2	2	
u_extract_data-001407	extract-data	kind	KIND_OK	samples/경기도/2018/extract-data-001407.hwpx	경기도	2018	hwpx	date	3	3	
u_extract_data-001408	extract-data	kind	KIND_OK	samples/부산광역시/2018/extract-data-001408.hwp	부산광역시	2018	hwp	amount	4	4	
u_extract_data-001409	extract-data	kind	KIND_OK	samples/제주특별자치도/2018/extract-data-001409.hwpx	제주특별자치도	2018	hwpx	number	5	5	
u_extract_data-001410	extract-data	kind	KIND_OK	samples/법제처/2019/extract-data-001410.hwp	법제처	2019	hwp	all	6	6	
u_extract_data-001411	extract-data	kind	KIND_OK	samples/행정안전부/2019/extract-data-001411.hwpx	행정안전부	2019	hwpx	date	7	7	
u_extract_data-001412	extract-data	kind	COUNT_DRIFT	samples/국세청/2019/extract-data-001412.hwp	국세청	2019	hwp	amount	8	9	
u_extract_data-001413	extract-data	kind	KIND_UNKNOWN	samples/대법원/2019/extract-data-001413.hwpx	대법원	2019	hwpx	token	9	9	
u_extract_data-001414	extract-data	kind	KIND_OK	samples/특허청/2019/extract-data-001414.hwp	특허청	2019	hwp	date	10	10	
u_extract_data-001415	extract-data	kind	KIND_OK	samples/교육부/2019/extract-data-001415.hwpx	교육부	2019	hwpx	amount	11	11	
u_extract_data-001416	extract-data	kind	KIND_OK	samples/보건복지부/2019/extract-data-001416.hwp	보건복지부	2019	hwp	number	0	0	
u_extract_data-001417	extract-data	kind	KIND_OK	samples/국토교통부/2019/extract-data-001417.hwpx	국토교통부	2019	hwpx	all	1	1	
u_extract_data-001418	extract-data	kind	KIND_OK	samples/고용노동부/2019/extract-data-001418.hwp	고용노동부	2019	hwp	date	2	2	
u_extract_data-001419	extract-data	kind	COUNT_DRIFT	samples/외교부/2019/extract-data-001419.hwpx	외교부	2019	hwpx	amount	3	4	
u_extract_data-001420	extract-data	kind	KIND_UNKNOWN	samples/기획재정부/2019/extract-data-001420.hwp	기획재정부	2019	hwp	token	4	4	
u_extract_data-001421	extract-data	kind	KIND_OK	samples/공정거래위원회/2019/extract-data-001421.hwpx	공정거래위원회	2019	hwpx	date	5	5	
u_extract_data-001422	extract-data	kind	KIND_OK	samples/금융위원회/2019/extract-data-001422.hwp	금융위원회	2019	hwp	amount	6	6	
u_extract_data-001423	extract-data	kind	KIND_OK	samples/통계청/2019/extract-data-001423.hwpx	통계청	2019	hwpx	number	7	7	
u_extract_data-001424	extract-data	kind	KIND_OK	samples/기상청/2019/extract-data-001424.hwp	기상청	2019	hwp	all	8	8	
u_extract_data-001425	extract-data	kind	KIND_OK	samples/관세청/2019/extract-data-001425.hwpx	관세청	2019	hwpx	date	9	9	
u_extract_data-001426	extract-data	kind	COUNT_DRIFT	samples/검찰청/2019/extract-data-001426.hwp	검찰청	2019	hwp	amount	10	11	
u_extract_data-001427	extract-data	kind	KIND_UNKNOWN	samples/경찰청/2019/extract-data-001427.hwpx	경찰청	2019	hwpx	token	11	11	
u_extract_data-001428	extract-data	kind	KIND_OK	samples/소방청/2019/extract-data-001428.hwp	소방청	2019	hwp	date	0	0	
u_extract_data-001429	extract-data	kind	KIND_OK	samples/병무청/2019/extract-data-001429.hwpx	병무청	2019	hwpx	amount	1	1	
u_extract_data-001430	extract-data	kind	KIND_OK	samples/산림청/2019/extract-data-001430.hwp	산림청	2019	hwp	number	2	2	
u_extract_data-001431	extract-data	kind	KIND_OK	samples/중소벤처기업부/2019/extract-data-001431.hwpx	중소벤처기업부	2019	hwpx	all	3	3	
u_extract_data-001432	extract-data	kind	KIND_OK	samples/과학기술정보통신부/2019/extract-data-001432.hwp	과학기술정보통신부	2019	hwp	date	4	4	
u_extract_data-001433	extract-data	kind	COUNT_DRIFT	samples/문화체육관광부/2019/extract-data-001433.hwpx	문화체육관광부	2019	hwpx	amount	5	6	
u_extract_data-001434	extract-data	kind	KIND_UNKNOWN	samples/환경부/2019/extract-data-001434.hwp	환경부	2019	hwp	token	6	6	
u_extract_data-001435	extract-data	kind	KIND_OK	samples/해양수산부/2019/extract-data-001435.hwpx	해양수산부	2019	hwpx	date	7	7	
u_extract_data-001436	extract-data	kind	KIND_OK	samples/서울특별시/2019/extract-data-001436.hwp	서울특별시	2019	hwp	amount	8	8	
u_extract_data-001437	extract-data	kind	KIND_OK	samples/경기도/2019/extract-data-001437.hwpx	경기도	2019	hwpx	number	9	9	
u_extract_data-001438	extract-data	kind	KIND_OK	samples/부산광역시/2019/extract-data-001438.hwp	부산광역시	2019	hwp	all	10	10	
u_extract_data-001439	extract-data	kind	KIND_OK	samples/제주특별자치도/2019/extract-data-001439.hwpx	제주특별자치도	2019	hwpx	date	11	11	
u_extract_data-001440	extract-data	kind	COUNT_DRIFT	samples/법제처/2020/extract-data-001440.hwp	법제처	2020	hwp	amount	0	1	
u_extract_data-001441	extract-data	kind	KIND_UNKNOWN	samples/행정안전부/2020/extract-data-001441.hwpx	행정안전부	2020	hwpx	token	1	1	
u_extract_data-001442	extract-data	kind	KIND_OK	samples/국세청/2020/extract-data-001442.hwp	국세청	2020	hwp	date	2	2	
u_extract_data-001443	extract-data	kind	KIND_OK	samples/대법원/2020/extract-data-001443.hwpx	대법원	2020	hwpx	amount	3	3	
u_extract_data-001444	extract-data	kind	KIND_OK	samples/특허청/2020/extract-data-001444.hwp	특허청	2020	hwp	number	4	4	
u_extract_data-001445	extract-data	kind	KIND_OK	samples/교육부/2020/extract-data-001445.hwpx	교육부	2020	hwpx	all	5	5	
u_extract_data-001446	extract-data	kind	KIND_OK	samples/보건복지부/2020/extract-data-001446.hwp	보건복지부	2020	hwp	date	6	6	
u_extract_data-001447	extract-data	kind	COUNT_DRIFT	samples/국토교통부/2020/extract-data-001447.hwpx	국토교통부	2020	hwpx	amount	7	8	
u_extract_data-001448	extract-data	kind	KIND_UNKNOWN	samples/고용노동부/2020/extract-data-001448.hwp	고용노동부	2020	hwp	token	8	8	
u_extract_data-001449	extract-data	kind	KIND_OK	samples/외교부/2020/extract-data-001449.hwpx	외교부	2020	hwpx	date	9	9	
u_extract_data-001450	extract-data	kind	KIND_OK	samples/기획재정부/2020/extract-data-001450.hwp	기획재정부	2020	hwp	amount	10	10	
u_extract_data-001451	extract-data	kind	KIND_OK	samples/공정거래위원회/2020/extract-data-001451.hwpx	공정거래위원회	2020	hwpx	number	11	11	
u_extract_data-001452	extract-data	kind	KIND_OK	samples/금융위원회/2020/extract-data-001452.hwp	금융위원회	2020	hwp	all	0	0	
u_extract_data-001453	extract-data	kind	KIND_OK	samples/통계청/2020/extract-data-001453.hwpx	통계청	2020	hwpx	date	1	1	
u_extract_data-001454	extract-data	kind	COUNT_DRIFT	samples/기상청/2020/extract-data-001454.hwp	기상청	2020	hwp	amount	2	3	
u_extract_data-001455	extract-data	kind	KIND_UNKNOWN	samples/관세청/2020/extract-data-001455.hwpx	관세청	2020	hwpx	token	3	3	
u_extract_data-001456	extract-data	kind	KIND_OK	samples/검찰청/2020/extract-data-001456.hwp	검찰청	2020	hwp	date	4	4	
u_extract_data-001457	extract-data	kind	KIND_OK	samples/경찰청/2020/extract-data-001457.hwpx	경찰청	2020	hwpx	amount	5	5	
u_extract_data-001458	extract-data	kind	KIND_OK	samples/소방청/2020/extract-data-001458.hwp	소방청	2020	hwp	number	6	6	
u_extract_data-001459	extract-data	kind	KIND_OK	samples/병무청/2020/extract-data-001459.hwpx	병무청	2020	hwpx	all	7	7	
u_extract_data-001460	extract-data	kind	KIND_OK	samples/산림청/2020/extract-data-001460.hwp	산림청	2020	hwp	date	8	8	
u_extract_data-001461	extract-data	kind	COUNT_DRIFT	samples/중소벤처기업부/2020/extract-data-001461.hwpx	중소벤처기업부	2020	hwpx	amount	9	10	
u_extract_data-001462	extract-data	kind	KIND_UNKNOWN	samples/과학기술정보통신부/2020/extract-data-001462.hwp	과학기술정보통신부	2020	hwp	token	10	10	
u_extract_data-001463	extract-data	kind	KIND_OK	samples/문화체육관광부/2020/extract-data-001463.hwpx	문화체육관광부	2020	hwpx	date	11	11	
u_extract_data-001464	extract-data	kind	KIND_OK	samples/환경부/2020/extract-data-001464.hwp	환경부	2020	hwp	amount	0	0	
u_extract_data-001465	extract-data	kind	KIND_OK	samples/해양수산부/2020/extract-data-001465.hwpx	해양수산부	2020	hwpx	number	1	1	
u_extract_data-001466	extract-data	kind	KIND_OK	samples/서울특별시/2020/extract-data-001466.hwp	서울특별시	2020	hwp	all	2	2	
u_extract_data-001467	extract-data	kind	KIND_OK	samples/경기도/2020/extract-data-001467.hwpx	경기도	2020	hwpx	date	3	3	
u_extract_data-001468	extract-data	kind	COUNT_DRIFT	samples/부산광역시/2020/extract-data-001468.hwp	부산광역시	2020	hwp	amount	4	5	
u_extract_data-001469	extract-data	kind	KIND_UNKNOWN	samples/제주특별자치도/2020/extract-data-001469.hwpx	제주특별자치도	2020	hwpx	token	5	5	
u_extract_data-001470	extract-data	kind	KIND_OK	samples/법제처/2021/extract-data-001470.hwp	법제처	2021	hwp	date	6	6	
u_extract_data-001471	extract-data	kind	KIND_OK	samples/행정안전부/2021/extract-data-001471.hwpx	행정안전부	2021	hwpx	amount	7	7	
u_extract_data-001472	extract-data	kind	KIND_OK	samples/국세청/2021/extract-data-001472.hwp	국세청	2021	hwp	number	8	8	
u_extract_data-001473	extract-data	kind	KIND_OK	samples/대법원/2021/extract-data-001473.hwpx	대법원	2021	hwpx	all	9	9	
u_extract_data-001474	extract-data	kind	KIND_OK	samples/특허청/2021/extract-data-001474.hwp	특허청	2021	hwp	date	10	10	
u_extract_data-001475	extract-data	kind	COUNT_DRIFT	samples/교육부/2021/extract-data-001475.hwpx	교육부	2021	hwpx	amount	11	12	
u_extract_data-001476	extract-data	kind	KIND_UNKNOWN	samples/보건복지부/2021/extract-data-001476.hwp	보건복지부	2021	hwp	token	0	0	
u_extract_data-001477	extract-data	kind	KIND_OK	samples/국토교통부/2021/extract-data-001477.hwpx	국토교통부	2021	hwpx	date	1	1	
u_extract_data-001478	extract-data	kind	KIND_OK	samples/고용노동부/2021/extract-data-001478.hwp	고용노동부	2021	hwp	amount	2	2	
u_extract_data-001479	extract-data	kind	KIND_OK	samples/외교부/2021/extract-data-001479.hwpx	외교부	2021	hwpx	number	3	3	
u_extract_data-001480	extract-data	kind	KIND_OK	samples/기획재정부/2021/extract-data-001480.hwp	기획재정부	2021	hwp	all	4	4	
u_extract_data-001481	extract-data	kind	KIND_OK	samples/공정거래위원회/2021/extract-data-001481.hwpx	공정거래위원회	2021	hwpx	date	5	5	
u_extract_data-001482	extract-data	kind	COUNT_DRIFT	samples/금융위원회/2021/extract-data-001482.hwp	금융위원회	2021	hwp	amount	6	7	
u_extract_data-001483	extract-data	kind	KIND_UNKNOWN	samples/통계청/2021/extract-data-001483.hwpx	통계청	2021	hwpx	token	7	7	
u_extract_data-001484	extract-data	kind	KIND_OK	samples/기상청/2021/extract-data-001484.hwp	기상청	2021	hwp	date	8	8	
u_extract_data-001485	extract-data	kind	KIND_OK	samples/관세청/2021/extract-data-001485.hwpx	관세청	2021	hwpx	amount	9	9	
u_extract_data-001486	extract-data	kind	KIND_OK	samples/검찰청/2021/extract-data-001486.hwp	검찰청	2021	hwp	number	10	10	
u_extract_data-001487	extract-data	kind	KIND_OK	samples/경찰청/2021/extract-data-001487.hwpx	경찰청	2021	hwpx	all	11	11	
u_extract_data-001488	extract-data	kind	KIND_OK	samples/소방청/2021/extract-data-001488.hwp	소방청	2021	hwp	date	0	0	
u_extract_data-001489	extract-data	kind	COUNT_DRIFT	samples/병무청/2021/extract-data-001489.hwpx	병무청	2021	hwpx	amount	1	2	
u_extract_data-001490	extract-data	kind	KIND_UNKNOWN	samples/산림청/2021/extract-data-001490.hwp	산림청	2021	hwp	token	2	2	
u_extract_data-001491	extract-data	kind	KIND_OK	samples/중소벤처기업부/2021/extract-data-001491.hwpx	중소벤처기업부	2021	hwpx	date	3	3	
u_extract_data-001492	extract-data	kind	KIND_OK	samples/과학기술정보통신부/2021/extract-data-001492.hwp	과학기술정보통신부	2021	hwp	amount	4	4	
u_extract_data-001493	extract-data	kind	KIND_OK	samples/문화체육관광부/2021/extract-data-001493.hwpx	문화체육관광부	2021	hwpx	number	5	5	
u_extract_data-001494	extract-data	kind	KIND_OK	samples/환경부/2021/extract-data-001494.hwp	환경부	2021	hwp	all	6	6	
u_extract_data-001495	extract-data	kind	KIND_OK	samples/해양수산부/2021/extract-data-001495.hwpx	해양수산부	2021	hwpx	date	7	7	
u_extract_data-001496	extract-data	kind	COUNT_DRIFT	samples/서울특별시/2021/extract-data-001496.hwp	서울특별시	2021	hwp	amount	8	9	
u_extract_data-001497	extract-data	kind	KIND_UNKNOWN	samples/경기도/2021/extract-data-001497.hwpx	경기도	2021	hwpx	token	9	9	
u_extract_data-001498	extract-data	kind	KIND_OK	samples/부산광역시/2021/extract-data-001498.hwp	부산광역시	2021	hwp	date	10	10	
u_extract_data-001499	extract-data	kind	KIND_OK	samples/제주특별자치도/2021/extract-data-001499.hwpx	제주특별자치도	2021	hwpx	amount	11	11	
u_extract_data-001500	extract-data	kind	KIND_OK	samples/법제처/2022/extract-data-001500.hwp	법제처	2022	hwp	number	0	0	
u_extract_data-001501	extract-data	kind	KIND_OK	samples/행정안전부/2022/extract-data-001501.hwpx	행정안전부	2022	hwpx	all	1	1	
u_extract_data-001502	extract-data	kind	KIND_OK	samples/국세청/2022/extract-data-001502.hwp	국세청	2022	hwp	date	2	2	
u_extract_data-001503	extract-data	kind	COUNT_DRIFT	samples/대법원/2022/extract-data-001503.hwpx	대법원	2022	hwpx	amount	3	4	
u_extract_data-001504	extract-data	kind	KIND_UNKNOWN	samples/특허청/2022/extract-data-001504.hwp	특허청	2022	hwp	token	4	4	
u_extract_data-001505	extract-data	kind	KIND_OK	samples/교육부/2022/extract-data-001505.hwpx	교육부	2022	hwpx	date	5	5	
u_extract_data-001506	extract-data	kind	KIND_OK	samples/보건복지부/2022/extract-data-001506.hwp	보건복지부	2022	hwp	amount	6	6	
u_extract_data-001507	extract-data	kind	KIND_OK	samples/국토교통부/2022/extract-data-001507.hwpx	국토교통부	2022	hwpx	number	7	7	
u_extract_data-001508	extract-data	kind	KIND_OK	samples/고용노동부/2022/extract-data-001508.hwp	고용노동부	2022	hwp	all	8	8	
u_extract_data-001509	extract-data	kind	KIND_OK	samples/외교부/2022/extract-data-001509.hwpx	외교부	2022	hwpx	date	9	9	
u_extract_data-001510	extract-data	kind	COUNT_DRIFT	samples/기획재정부/2022/extract-data-001510.hwp	기획재정부	2022	hwp	amount	10	11	
u_extract_data-001511	extract-data	kind	KIND_UNKNOWN	samples/공정거래위원회/2022/extract-data-001511.hwpx	공정거래위원회	2022	hwpx	token	11	11	
u_extract_data-001512	extract-data	kind	KIND_OK	samples/금융위원회/2022/extract-data-001512.hwp	금융위원회	2022	hwp	date	0	0	
u_extract_data-001513	extract-data	kind	KIND_OK	samples/통계청/2022/extract-data-001513.hwpx	통계청	2022	hwpx	amount	1	1	
u_extract_data-001514	extract-data	kind	KIND_OK	samples/기상청/2022/extract-data-001514.hwp	기상청	2022	hwp	number	2	2	
u_extract_data-001515	extract-data	kind	KIND_OK	samples/관세청/2022/extract-data-001515.hwpx	관세청	2022	hwpx	all	3	3	
u_extract_data-001516	extract-data	kind	KIND_OK	samples/검찰청/2022/extract-data-001516.hwp	검찰청	2022	hwp	date	4	4	
u_extract_data-001517	extract-data	kind	COUNT_DRIFT	samples/경찰청/2022/extract-data-001517.hwpx	경찰청	2022	hwpx	amount	5	6	
u_extract_data-001518	extract-data	kind	KIND_UNKNOWN	samples/소방청/2022/extract-data-001518.hwp	소방청	2022	hwp	token	6	6	
u_extract_data-001519	extract-data	kind	KIND_OK	samples/병무청/2022/extract-data-001519.hwpx	병무청	2022	hwpx	date	7	7	
u_extract_data-001520	extract-data	kind	KIND_OK	samples/산림청/2022/extract-data-001520.hwp	산림청	2022	hwp	amount	8	8	
u_extract_data-001521	extract-data	kind	KIND_OK	samples/중소벤처기업부/2022/extract-data-001521.hwpx	중소벤처기업부	2022	hwpx	number	9	9	
u_extract_data-001522	extract-data	kind	KIND_OK	samples/과학기술정보통신부/2022/extract-data-001522.hwp	과학기술정보통신부	2022	hwp	all	10	10	
u_extract_data-001523	extract-data	kind	KIND_OK	samples/문화체육관광부/2022/extract-data-001523.hwpx	문화체육관광부	2022	hwpx	date	11	11	
u_extract_data-001524	extract-data	kind	COUNT_DRIFT	samples/환경부/2022/extract-data-001524.hwp	환경부	2022	hwp	amount	0	1	
u_extract_data-001525	extract-data	kind	KIND_UNKNOWN	samples/해양수산부/2022/extract-data-001525.hwpx	해양수산부	2022	hwpx	token	1	1	
u_extract_data-001526	extract-data	kind	KIND_OK	samples/서울특별시/2022/extract-data-001526.hwp	서울특별시	2022	hwp	date	2	2	
u_extract_data-001527	extract-data	kind	KIND_OK	samples/경기도/2022/extract-data-001527.hwpx	경기도	2022	hwpx	amount	3	3	
u_extract_data-001528	extract-data	kind	KIND_OK	samples/부산광역시/2022/extract-data-001528.hwp	부산광역시	2022	hwp	number	4	4	
u_extract_data-001529	extract-data	kind	KIND_OK	samples/제주특별자치도/2022/extract-data-001529.hwpx	제주특별자치도	2022	hwpx	all	5	5	
u_extract_data-001530	extract-data	kind	KIND_OK	samples/법제처/2023/extract-data-001530.hwp	법제처	2023	hwp	date	6	6	
u_extract_data-001531	extract-data	kind	COUNT_DRIFT	samples/행정안전부/2023/extract-data-001531.hwpx	행정안전부	2023	hwpx	amount	7	8	
u_extract_data-001532	extract-data	kind	KIND_UNKNOWN	samples/국세청/2023/extract-data-001532.hwp	국세청	2023	hwp	token	8	8	
u_extract_data-001533	extract-data	kind	KIND_OK	samples/대법원/2023/extract-data-001533.hwpx	대법원	2023	hwpx	date	9	9	
u_extract_data-001534	extract-data	kind	KIND_OK	samples/특허청/2023/extract-data-001534.hwp	특허청	2023	hwp	amount	10	10	
u_extract_data-001535	extract-data	kind	KIND_OK	samples/교육부/2023/extract-data-001535.hwpx	교육부	2023	hwpx	number	11	11	
u_extract_data-001536	extract-data	kind	KIND_OK	samples/보건복지부/2023/extract-data-001536.hwp	보건복지부	2023	hwp	all	0	0	
u_extract_data-001537	extract-data	kind	KIND_OK	samples/국토교통부/2023/extract-data-001537.hwpx	국토교통부	2023	hwpx	date	1	1	
u_extract_data-001538	extract-data	kind	COUNT_DRIFT	samples/고용노동부/2023/extract-data-001538.hwp	고용노동부	2023	hwp	amount	2	3	
u_extract_data-001539	extract-data	kind	KIND_UNKNOWN	samples/외교부/2023/extract-data-001539.hwpx	외교부	2023	hwpx	token	3	3	
u_extract_data-001540	extract-data	kind	KIND_OK	samples/기획재정부/2023/extract-data-001540.hwp	기획재정부	2023	hwp	date	4	4	
u_extract_data-001541	extract-data	kind	KIND_OK	samples/공정거래위원회/2023/extract-data-001541.hwpx	공정거래위원회	2023	hwpx	amount	5	5	
u_extract_data-001542	extract-data	kind	KIND_OK	samples/금융위원회/2023/extract-data-001542.hwp	금융위원회	2023	hwp	number	6	6	
u_extract_data-001543	extract-data	kind	KIND_OK	samples/통계청/2023/extract-data-001543.hwpx	통계청	2023	hwpx	all	7	7	
u_extract_data-001544	extract-data	kind	KIND_OK	samples/기상청/2023/extract-data-001544.hwp	기상청	2023	hwp	date	8	8	
u_extract_data-001545	extract-data	kind	COUNT_DRIFT	samples/관세청/2023/extract-data-001545.hwpx	관세청	2023	hwpx	amount	9	10	
u_extract_data-001546	extract-data	kind	KIND_UNKNOWN	samples/검찰청/2023/extract-data-001546.hwp	검찰청	2023	hwp	token	10	10	
u_extract_data-001547	extract-data	kind	KIND_OK	samples/경찰청/2023/extract-data-001547.hwpx	경찰청	2023	hwpx	date	11	11	
u_extract_data-001548	extract-data	kind	KIND_OK	samples/소방청/2023/extract-data-001548.hwp	소방청	2023	hwp	amount	0	0	
u_extract_data-001549	extract-data	kind	KIND_OK	samples/병무청/2023/extract-data-001549.hwpx	병무청	2023	hwpx	number	1	1	
u_extract_data-001550	extract-data	kind	KIND_OK	samples/산림청/2023/extract-data-001550.hwp	산림청	2023	hwp	all	2	2	
u_extract_data-001551	extract-data	kind	KIND_OK	samples/중소벤처기업부/2023/extract-data-001551.hwpx	중소벤처기업부	2023	hwpx	date	3	3	
u_extract_data-001552	extract-data	kind	COUNT_DRIFT	samples/과학기술정보통신부/2023/extract-data-001552.hwp	과학기술정보통신부	2023	hwp	amount	4	5	
u_extract_data-001553	extract-data	kind	KIND_UNKNOWN	samples/문화체육관광부/2023/extract-data-001553.hwpx	문화체육관광부	2023	hwpx	token	5	5	
u_extract_data-001554	extract-data	kind	KIND_OK	samples/환경부/2023/extract-data-001554.hwp	환경부	2023	hwp	date	6	6	
u_extract_data-001555	extract-data	kind	KIND_OK	samples/해양수산부/2023/extract-data-001555.hwpx	해양수산부	2023	hwpx	amount	7	7	
u_extract_data-001556	extract-data	kind	KIND_OK	samples/서울특별시/2023/extract-data-001556.hwp	서울특별시	2023	hwp	number	8	8	
u_extract_data-001557	extract-data	kind	KIND_OK	samples/경기도/2023/extract-data-001557.hwpx	경기도	2023	hwpx	all	9	9	
u_extract_data-001558	extract-data	kind	KIND_OK	samples/부산광역시/2023/extract-data-001558.hwp	부산광역시	2023	hwp	date	10	10	
u_extract_data-001559	extract-data	kind	COUNT_DRIFT	samples/제주특별자치도/2023/extract-data-001559.hwpx	제주특별자치도	2023	hwpx	amount	11	12	
u_extract_data-001560	extract-data	kind	KIND_UNKNOWN	samples/법제처/2024/extract-data-001560.hwp	법제처	2024	hwp	token	0	0	
u_extract_data-001561	extract-data	kind	KIND_OK	samples/행정안전부/2024/extract-data-001561.hwpx	행정안전부	2024	hwpx	date	1	1	
u_extract_data-001562	extract-data	kind	KIND_OK	samples/국세청/2024/extract-data-001562.hwp	국세청	2024	hwp	amount	2	2	
u_extract_data-001563	extract-data	kind	KIND_OK	samples/대법원/2024/extract-data-001563.hwpx	대법원	2024	hwpx	number	3	3	
u_extract_data-001564	extract-data	kind	KIND_OK	samples/특허청/2024/extract-data-001564.hwp	특허청	2024	hwp	all	4	4	
u_extract_data-001565	extract-data	kind	KIND_OK	samples/교육부/2024/extract-data-001565.hwpx	교육부	2024	hwpx	date	5	5	
u_extract_data-001566	extract-data	kind	COUNT_DRIFT	samples/보건복지부/2024/extract-data-001566.hwp	보건복지부	2024	hwp	amount	6	7	
u_extract_data-001567	extract-data	kind	KIND_UNKNOWN	samples/국토교통부/2024/extract-data-001567.hwpx	국토교통부	2024	hwpx	token	7	7	
u_extract_data-001568	extract-data	kind	KIND_OK	samples/고용노동부/2024/extract-data-001568.hwp	고용노동부	2024	hwp	date	8	8	
u_extract_data-001569	extract-data	kind	KIND_OK	samples/외교부/2024/extract-data-001569.hwpx	외교부	2024	hwpx	amount	9	9	
u_extract_data-001570	extract-data	kind	KIND_OK	samples/기획재정부/2024/extract-data-001570.hwp	기획재정부	2024	hwp	number	10	10	
u_extract_data-001571	extract-data	kind	KIND_OK	samples/공정거래위원회/2024/extract-data-001571.hwpx	공정거래위원회	2024	hwpx	all	11	11	
u_extract_data-001572	extract-data	kind	KIND_OK	samples/금융위원회/2024/extract-data-001572.hwp	금융위원회	2024	hwp	date	0	0	
u_extract_data-001573	extract-data	kind	COUNT_DRIFT	samples/통계청/2024/extract-data-001573.hwpx	통계청	2024	hwpx	amount	1	2	
u_extract_data-001574	extract-data	kind	KIND_UNKNOWN	samples/기상청/2024/extract-data-001574.hwp	기상청	2024	hwp	token	2	2	
u_extract_data-001575	extract-data	kind	KIND_OK	samples/관세청/2024/extract-data-001575.hwpx	관세청	2024	hwpx	date	3	3	
u_extract_data-001576	extract-data	kind	KIND_OK	samples/검찰청/2024/extract-data-001576.hwp	검찰청	2024	hwp	amount	4	4	
u_extract_data-001577	extract-data	kind	KIND_OK	samples/경찰청/2024/extract-data-001577.hwpx	경찰청	2024	hwpx	number	5	5	
u_extract_data-001578	extract-data	kind	KIND_OK	samples/소방청/2024/extract-data-001578.hwp	소방청	2024	hwp	all	6	6	
u_extract_data-001579	extract-data	kind	KIND_OK	samples/병무청/2024/extract-data-001579.hwpx	병무청	2024	hwpx	date	7	7	
u_extract_data-001580	extract-data	kind	COUNT_DRIFT	samples/산림청/2024/extract-data-001580.hwp	산림청	2024	hwp	amount	8	9	
u_extract_data-001581	extract-data	kind	KIND_UNKNOWN	samples/중소벤처기업부/2024/extract-data-001581.hwpx	중소벤처기업부	2024	hwpx	token	9	9	
u_extract_data-001582	extract-data	kind	KIND_OK	samples/과학기술정보통신부/2024/extract-data-001582.hwp	과학기술정보통신부	2024	hwp	date	10	10	
u_extract_data-001583	extract-data	kind	KIND_OK	samples/문화체육관광부/2024/extract-data-001583.hwpx	문화체육관광부	2024	hwpx	amount	11	11	
u_extract_data-001584	extract-data	kind	KIND_OK	samples/환경부/2024/extract-data-001584.hwp	환경부	2024	hwp	number	0	0	
u_extract_data-001585	extract-data	kind	KIND_OK	samples/해양수산부/2024/extract-data-001585.hwpx	해양수산부	2024	hwpx	all	1	1	
u_extract_data-001586	extract-data	kind	KIND_OK	samples/서울특별시/2024/extract-data-001586.hwp	서울특별시	2024	hwp	date	2	2	
u_extract_data-001587	extract-data	kind	COUNT_DRIFT	samples/경기도/2024/extract-data-001587.hwpx	경기도	2024	hwpx	amount	3	4	
u_extract_data-001588	extract-data	kind	KIND_UNKNOWN	samples/부산광역시/2024/extract-data-001588.hwp	부산광역시	2024	hwp	token	4	4	
u_extract_data-001589	extract-data	kind	KIND_OK	samples/제주특별자치도/2024/extract-data-001589.hwpx	제주특별자치도	2024	hwpx	date	5	5	
u_extract_data-001590	extract-data	kind	KIND_OK	samples/법제처/2025/extract-data-001590.hwp	법제처	2025	hwp	amount	6	6	
u_extract_data-001591	extract-data	kind	KIND_OK	samples/행정안전부/2025/extract-data-001591.hwpx	행정안전부	2025	hwpx	number	7	7	
u_extract_data-001592	extract-data	kind	KIND_OK	samples/국세청/2025/extract-data-001592.hwp	국세청	2025	hwp	all	8	8	
u_extract_data-001593	extract-data	kind	KIND_OK	samples/대법원/2025/extract-data-001593.hwpx	대법원	2025	hwpx	date	9	9	
u_extract_data-001594	extract-data	kind	COUNT_DRIFT	samples/특허청/2025/extract-data-001594.hwp	특허청	2025	hwp	amount	10	11	
u_extract_data-001595	extract-data	kind	KIND_UNKNOWN	samples/교육부/2025/extract-data-001595.hwpx	교육부	2025	hwpx	token	11	11	
u_extract_data-001596	extract-data	kind	KIND_OK	samples/보건복지부/2025/extract-data-001596.hwp	보건복지부	2025	hwp	date	0	0	
u_extract_data-001597	extract-data	kind	KIND_OK	samples/국토교통부/2025/extract-data-001597.hwpx	국토교통부	2025	hwpx	amount	1	1	
u_extract_data-001598	extract-data	kind	KIND_OK	samples/고용노동부/2025/extract-data-001598.hwp	고용노동부	2025	hwp	number	2	2	
u_extract_data-001599	extract-data	kind	KIND_OK	samples/외교부/2025/extract-data-001599.hwpx	외교부	2025	hwpx	all	3	3	
u_extract_data-001600	extract-data	kind	KIND_OK	samples/기획재정부/2025/extract-data-001600.hwp	기획재정부	2025	hwp	date	4	4	
u_extract_data-001601	extract-data	kind	COUNT_DRIFT	samples/공정거래위원회/2025/extract-data-001601.hwpx	공정거래위원회	2025	hwpx	amount	5	6	
u_extract_data-001602	extract-data	kind	KIND_UNKNOWN	samples/금융위원회/2025/extract-data-001602.hwp	금융위원회	2025	hwp	token	6	6	
u_extract_data-001603	extract-data	kind	KIND_OK	samples/통계청/2025/extract-data-001603.hwpx	통계청	2025	hwpx	date	7	7	
u_extract_data-001604	extract-data	kind	KIND_OK	samples/기상청/2025/extract-data-001604.hwp	기상청	2025	hwp	amount	8	8	
u_extract_data-001605	extract-data	kind	KIND_OK	samples/관세청/2025/extract-data-001605.hwpx	관세청	2025	hwpx	number	9	9	
u_extract_data-001606	extract-data	kind	KIND_OK	samples/검찰청/2025/extract-data-001606.hwp	검찰청	2025	hwp	all	10	10	
u_extract_data-001607	extract-data	kind	KIND_OK	samples/경찰청/2025/extract-data-001607.hwpx	경찰청	2025	hwpx	date	11	11	
u_extract_data-001608	extract-data	kind	COUNT_DRIFT	samples/소방청/2025/extract-data-001608.hwp	소방청	2025	hwp	amount	0	1	
u_extract_data-001609	extract-data	kind	KIND_UNKNOWN	samples/병무청/2025/extract-data-001609.hwpx	병무청	2025	hwpx	token	1	1	
u_extract_data-001610	extract-data	kind	KIND_OK	samples/산림청/2025/extract-data-001610.hwp	산림청	2025	hwp	date	2	2	
u_extract_data-001611	extract-data	kind	KIND_OK	samples/중소벤처기업부/2025/extract-data-001611.hwpx	중소벤처기업부	2025	hwpx	amount	3	3	
u_extract_data-001612	extract-data	kind	KIND_OK	samples/과학기술정보통신부/2025/extract-data-001612.hwp	과학기술정보통신부	2025	hwp	number	4	4	
u_extract_data-001613	extract-data	kind	KIND_OK	samples/문화체육관광부/2025/extract-data-001613.hwpx	문화체육관광부	2025	hwpx	all	5	5	
u_extract_data-001614	extract-data	kind	KIND_OK	samples/환경부/2025/extract-data-001614.hwp	환경부	2025	hwp	date	6	6	
u_extract_data-001615	extract-data	kind	COUNT_DRIFT	samples/해양수산부/2025/extract-data-001615.hwpx	해양수산부	2025	hwpx	amount	7	8	
u_extract_data-001616	extract-data	kind	KIND_UNKNOWN	samples/서울특별시/2025/extract-data-001616.hwp	서울특별시	2025	hwp	token	8	8	
u_extract_data-001617	extract-data	kind	KIND_OK	samples/경기도/2025/extract-data-001617.hwpx	경기도	2025	hwpx	date	9	9	
u_extract_data-001618	extract-data	kind	KIND_OK	samples/부산광역시/2025/extract-data-001618.hwp	부산광역시	2025	hwp	amount	10	10	
u_extract_data-001619	extract-data	kind	KIND_OK	samples/제주특별자치도/2025/extract-data-001619.hwpx	제주특별자치도	2025	hwpx	number	11	11	
u_extract_data-001620	extract-data	kind	KIND_OK	samples/법제처/2026/extract-data-001620.hwp	법제처	2026	hwp	all	0	0	
u_extract_data-001621	extract-data	kind	KIND_OK	samples/행정안전부/2026/extract-data-001621.hwpx	행정안전부	2026	hwpx	date	1	1	
u_extract_data-001622	extract-data	kind	COUNT_DRIFT	samples/국세청/2026/extract-data-001622.hwp	국세청	2026	hwp	amount	2	3	
u_extract_data-001623	extract-data	kind	KIND_UNKNOWN	samples/대법원/2026/extract-data-001623.hwpx	대법원	2026	hwpx	token	3	3	
u_extract_data-001624	extract-data	kind	KIND_OK	samples/특허청/2026/extract-data-001624.hwp	특허청	2026	hwp	date	4	4	
u_extract_data-001625	extract-data	kind	KIND_OK	samples/교육부/2026/extract-data-001625.hwpx	교육부	2026	hwpx	amount	5	5	
u_extract_data-001626	extract-data	kind	KIND_OK	samples/보건복지부/2026/extract-data-001626.hwp	보건복지부	2026	hwp	number	6	6	
u_extract_data-001627	extract-data	kind	KIND_OK	samples/국토교통부/2026/extract-data-001627.hwpx	국토교통부	2026	hwpx	all	7	7	
u_extract_data-001628	extract-data	kind	KIND_OK	samples/고용노동부/2026/extract-data-001628.hwp	고용노동부	2026	hwp	date	8	8	
u_extract_data-001629	extract-data	kind	COUNT_DRIFT	samples/외교부/2026/extract-data-001629.hwpx	외교부	2026	hwpx	amount	9	10	
u_extract_data-001630	extract-data	kind	KIND_UNKNOWN	samples/기획재정부/2026/extract-data-001630.hwp	기획재정부	2026	hwp	token	10	10	
u_extract_data-001631	extract-data	kind	KIND_OK	samples/공정거래위원회/2026/extract-data-001631.hwpx	공정거래위원회	2026	hwpx	date	11	11	
u_extract_data-001632	extract-data	kind	KIND_OK	samples/금융위원회/2026/extract-data-001632.hwp	금융위원회	2026	hwp	amount	0	0	
u_extract_data-001633	extract-data	kind	KIND_OK	samples/통계청/2026/extract-data-001633.hwpx	통계청	2026	hwpx	number	1	1	
u_extract_data-001634	extract-data	kind	KIND_OK	samples/기상청/2026/extract-data-001634.hwp	기상청	2026	hwp	all	2	2	
u_extract_data-001635	extract-data	kind	KIND_OK	samples/관세청/2026/extract-data-001635.hwpx	관세청	2026	hwpx	date	3	3	
u_extract_data-001636	extract-data	kind	COUNT_DRIFT	samples/검찰청/2026/extract-data-001636.hwp	검찰청	2026	hwp	amount	4	5	
u_extract_data-001637	extract-data	kind	KIND_UNKNOWN	samples/경찰청/2026/extract-data-001637.hwpx	경찰청	2026	hwpx	token	5	5	
u_extract_data-001638	extract-data	kind	KIND_OK	samples/소방청/2026/extract-data-001638.hwp	소방청	2026	hwp	date	6	6	
u_extract_data-001639	extract-data	kind	KIND_OK	samples/병무청/2026/extract-data-001639.hwpx	병무청	2026	hwpx	amount	7	7	
u_extract_data-001640	extract-data	kind	KIND_OK	samples/산림청/2026/extract-data-001640.hwp	산림청	2026	hwp	number	8	8	
u_extract_data-001641	extract-data	kind	KIND_OK	samples/중소벤처기업부/2026/extract-data-001641.hwpx	중소벤처기업부	2026	hwpx	all	9	9	
u_extract_data-001642	extract-data	kind	KIND_OK	samples/과학기술정보통신부/2026/extract-data-001642.hwp	과학기술정보통신부	2026	hwp	date	10	10	
u_extract_data-001643	extract-data	kind	COUNT_DRIFT	samples/문화체육관광부/2026/extract-data-001643.hwpx	문화체육관광부	2026	hwpx	amount	11	12	
u_extract_data-001644	extract-data	kind	KIND_UNKNOWN	samples/환경부/2026/extract-data-001644.hwp	환경부	2026	hwp	token	0	0	
u_extract_data-001645	extract-data	kind	KIND_OK	samples/해양수산부/2026/extract-data-001645.hwpx	해양수산부	2026	hwpx	date	1	1	
u_extract_data-001646	extract-data	kind	KIND_OK	samples/서울특별시/2026/extract-data-001646.hwp	서울특별시	2026	hwp	amount	2	2	
u_extract_data-001647	extract-data	kind	KIND_OK	samples/경기도/2026/extract-data-001647.hwpx	경기도	2026	hwpx	number	3	3	
u_extract_data-001648	extract-data	kind	KIND_OK	samples/부산광역시/2026/extract-data-001648.hwp	부산광역시	2026	hwp	all	4	4	
u_extract_data-001649	extract-data	kind	KIND_OK	samples/제주특별자치도/2026/extract-data-001649.hwpx	제주특별자치도	2026	hwpx	date	5	5	
u_extract_data-001650	extract-data	kind	COUNT_DRIFT	samples/법제처/2016/extract-data-001650.hwp	법제처	2016	hwp	amount	6	7	
u_extract_data-001651	extract-data	kind	KIND_UNKNOWN	samples/행정안전부/2016/extract-data-001651.hwpx	행정안전부	2016	hwpx	token	7	7	
u_extract_data-001652	extract-data	kind	KIND_OK	samples/국세청/2016/extract-data-001652.hwp	국세청	2016	hwp	date	8	8	
u_extract_data-001653	extract-data	kind	KIND_OK	samples/대법원/2016/extract-data-001653.hwpx	대법원	2016	hwpx	amount	9	9	
u_extract_data-001654	extract-data	kind	KIND_OK	samples/특허청/2016/extract-data-001654.hwp	특허청	2016	hwp	number	10	10	
u_extract_data-001655	extract-data	kind	KIND_OK	samples/교육부/2016/extract-data-001655.hwpx	교육부	2016	hwpx	all	11	11	
u_extract_data-001656	extract-data	kind	KIND_OK	samples/보건복지부/2016/extract-data-001656.hwp	보건복지부	2016	hwp	date	0	0	
u_extract_data-001657	extract-data	kind	COUNT_DRIFT	samples/국토교통부/2016/extract-data-001657.hwpx	국토교통부	2016	hwpx	amount	1	2	
u_extract_data-001658	extract-data	kind	KIND_UNKNOWN	samples/고용노동부/2016/extract-data-001658.hwp	고용노동부	2016	hwp	token	2	2	
u_extract_data-001659	extract-data	kind	KIND_OK	samples/외교부/2016/extract-data-001659.hwpx	외교부	2016	hwpx	date	3	3	
u_extract_data-001660	extract-data	kind	KIND_OK	samples/기획재정부/2016/extract-data-001660.hwp	기획재정부	2016	hwp	amount	4	4	
u_extract_data-001661	extract-data	kind	KIND_OK	samples/공정거래위원회/2016/extract-data-001661.hwpx	공정거래위원회	2016	hwpx	number	5	5	
u_extract_data-001662	extract-data	kind	KIND_OK	samples/금융위원회/2016/extract-data-001662.hwp	금융위원회	2016	hwp	all	6	6	
u_extract_data-001663	extract-data	kind	KIND_OK	samples/통계청/2016/extract-data-001663.hwpx	통계청	2016	hwpx	date	7	7	
u_extract_data-001664	extract-data	kind	COUNT_DRIFT	samples/기상청/2016/extract-data-001664.hwp	기상청	2016	hwp	amount	8	9	
u_extract_data-001665	extract-data	kind	KIND_UNKNOWN	samples/관세청/2016/extract-data-001665.hwpx	관세청	2016	hwpx	token	9	9	
u_extract_data-001666	extract-data	kind	KIND_OK	samples/검찰청/2016/extract-data-001666.hwp	검찰청	2016	hwp	date	10	10	
u_extract_data-001667	extract-data	kind	KIND_OK	samples/경찰청/2016/extract-data-001667.hwpx	경찰청	2016	hwpx	amount	11	11	
u_extract_data-001668	extract-data	kind	KIND_OK	samples/소방청/2016/extract-data-001668.hwp	소방청	2016	hwp	number	0	0	
u_extract_data-001669	extract-data	kind	KIND_OK	samples/병무청/2016/extract-data-001669.hwpx	병무청	2016	hwpx	all	1	1	
u_extract_data-001670	extract-data	kind	KIND_OK	samples/산림청/2016/extract-data-001670.hwp	산림청	2016	hwp	date	2	2	
u_extract_data-001671	extract-data	kind	COUNT_DRIFT	samples/중소벤처기업부/2016/extract-data-001671.hwpx	중소벤처기업부	2016	hwpx	amount	3	4	
u_extract_data-001672	extract-data	kind	KIND_UNKNOWN	samples/과학기술정보통신부/2016/extract-data-001672.hwp	과학기술정보통신부	2016	hwp	token	4	4	
u_extract_data-001673	extract-data	kind	KIND_OK	samples/문화체육관광부/2016/extract-data-001673.hwpx	문화체육관광부	2016	hwpx	date	5	5	
u_extract_data-001674	extract-data	kind	KIND_OK	samples/환경부/2016/extract-data-001674.hwp	환경부	2016	hwp	amount	6	6	
u_extract_data-001675	extract-data	kind	KIND_OK	samples/해양수산부/2016/extract-data-001675.hwpx	해양수산부	2016	hwpx	number	7	7	
u_extract_data-001676	extract-data	kind	KIND_OK	samples/서울특별시/2016/extract-data-001676.hwp	서울특별시	2016	hwp	all	8	8	
u_extract_data-001677	extract-data	kind	KIND_OK	samples/경기도/2016/extract-data-001677.hwpx	경기도	2016	hwpx	date	9	9	
u_extract_data-001678	extract-data	kind	COUNT_DRIFT	samples/부산광역시/2016/extract-data-001678.hwp	부산광역시	2016	hwp	amount	10	11	
u_extract_data-001679	extract-data	kind	KIND_UNKNOWN	samples/제주특별자치도/2016/extract-data-001679.hwpx	제주특별자치도	2016	hwpx	token	11	11	
u_extract_data-001680	extract-data	kind	KIND_OK	samples/법제처/2017/extract-data-001680.hwp	법제처	2017	hwp	date	0	0	
u_extract_data-001681	extract-data	kind	KIND_OK	samples/행정안전부/2017/extract-data-001681.hwpx	행정안전부	2017	hwpx	amount	1	1	
u_extract_data-001682	extract-data	kind	KIND_OK	samples/국세청/2017/extract-data-001682.hwp	국세청	2017	hwp	number	2	2	
u_extract_data-001683	extract-data	kind	KIND_OK	samples/대법원/2017/extract-data-001683.hwpx	대법원	2017	hwpx	all	3	3	
u_extract_data-001684	extract-data	kind	KIND_OK	samples/특허청/2017/extract-data-001684.hwp	특허청	2017	hwp	date	4	4	
u_extract_data-001685	extract-data	kind	COUNT_DRIFT	samples/교육부/2017/extract-data-001685.hwpx	교육부	2017	hwpx	amount	5	6	
u_extract_data-001686	extract-data	kind	KIND_UNKNOWN	samples/보건복지부/2017/extract-data-001686.hwp	보건복지부	2017	hwp	token	6	6	
u_extract_data-001687	extract-data	kind	KIND_OK	samples/국토교통부/2017/extract-data-001687.hwpx	국토교통부	2017	hwpx	date	7	7	
u_extract_data-001688	extract-data	kind	KIND_OK	samples/고용노동부/2017/extract-data-001688.hwp	고용노동부	2017	hwp	amount	8	8	
u_extract_data-001689	extract-data	kind	KIND_OK	samples/외교부/2017/extract-data-001689.hwpx	외교부	2017	hwpx	number	9	9	
u_extract_data-001690	extract-data	kind	KIND_OK	samples/기획재정부/2017/extract-data-001690.hwp	기획재정부	2017	hwp	all	10	10	
u_extract_data-001691	extract-data	kind	KIND_OK	samples/공정거래위원회/2017/extract-data-001691.hwpx	공정거래위원회	2017	hwpx	date	11	11	
u_extract_data-001692	extract-data	kind	COUNT_DRIFT	samples/금융위원회/2017/extract-data-001692.hwp	금융위원회	2017	hwp	amount	0	1	
u_extract_data-001693	extract-data	kind	KIND_UNKNOWN	samples/통계청/2017/extract-data-001693.hwpx	통계청	2017	hwpx	token	1	1	
u_extract_data-001694	extract-data	kind	KIND_OK	samples/기상청/2017/extract-data-001694.hwp	기상청	2017	hwp	date	2	2	
u_extract_data-001695	extract-data	kind	KIND_OK	samples/관세청/2017/extract-data-001695.hwpx	관세청	2017	hwpx	amount	3	3	
u_extract_data-001696	extract-data	kind	KIND_OK	samples/검찰청/2017/extract-data-001696.hwp	검찰청	2017	hwp	number	4	4	
u_extract_data-001697	extract-data	kind	KIND_OK	samples/경찰청/2017/extract-data-001697.hwpx	경찰청	2017	hwpx	all	5	5	
u_extract_data-001698	extract-data	kind	KIND_OK	samples/소방청/2017/extract-data-001698.hwp	소방청	2017	hwp	date	6	6	
u_extract_data-001699	extract-data	kind	COUNT_DRIFT	samples/병무청/2017/extract-data-001699.hwpx	병무청	2017	hwpx	amount	7	8	
u_extract_data-001700	extract-data	kind	KIND_UNKNOWN	samples/산림청/2017/extract-data-001700.hwp	산림청	2017	hwp	token	8	8	
u_extract_data-001701	extract-data	kind	KIND_OK	samples/중소벤처기업부/2017/extract-data-001701.hwpx	중소벤처기업부	2017	hwpx	date	9	9	
u_extract_data-001702	extract-data	kind	KIND_OK	samples/과학기술정보통신부/2017/extract-data-001702.hwp	과학기술정보통신부	2017	hwp	amount	10	10	
u_extract_data-001703	extract-data	kind	KIND_OK	samples/문화체육관광부/2017/extract-data-001703.hwpx	문화체육관광부	2017	hwpx	number	11	11	
u_extract_data-001704	extract-data	kind	KIND_OK	samples/환경부/2017/extract-data-001704.hwp	환경부	2017	hwp	all	0	0	
u_extract_data-001705	extract-data	kind	KIND_OK	samples/해양수산부/2017/extract-data-001705.hwpx	해양수산부	2017	hwpx	date	1	1	
u_extract_data-001706	extract-data	kind	COUNT_DRIFT	samples/서울특별시/2017/extract-data-001706.hwp	서울특별시	2017	hwp	amount	2	3	
u_extract_data-001707	extract-data	kind	KIND_UNKNOWN	samples/경기도/2017/extract-data-001707.hwpx	경기도	2017	hwpx	token	3	3	
u_extract_data-001708	extract-data	kind	KIND_OK	samples/부산광역시/2017/extract-data-001708.hwp	부산광역시	2017	hwp	date	4	4	
u_extract_data-001709	extract-data	kind	KIND_OK	samples/제주특별자치도/2017/extract-data-001709.hwpx	제주특별자치도	2017	hwpx	amount	5	5	
u_extract_data-001710	extract-data	kind	KIND_OK	samples/법제처/2018/extract-data-001710.hwp	법제처	2018	hwp	number	6	6	
u_extract_data-001711	extract-data	kind	KIND_OK	samples/행정안전부/2018/extract-data-001711.hwpx	행정안전부	2018	hwpx	all	7	7	
u_extract_data-001712	extract-data	kind	KIND_OK	samples/국세청/2018/extract-data-001712.hwp	국세청	2018	hwp	date	8	8	
u_extract_data-001713	extract-data	kind	COUNT_DRIFT	samples/대법원/2018/extract-data-001713.hwpx	대법원	2018	hwpx	amount	9	10	
u_extract_data-001714	extract-data	kind	KIND_UNKNOWN	samples/특허청/2018/extract-data-001714.hwp	특허청	2018	hwp	token	10	10	
u_extract_data-001715	extract-data	kind	KIND_OK	samples/교육부/2018/extract-data-001715.hwpx	교육부	2018	hwpx	date	11	11	
u_extract_data-001716	extract-data	kind	KIND_OK	samples/보건복지부/2018/extract-data-001716.hwp	보건복지부	2018	hwp	amount	0	0	
u_extract_data-001717	extract-data	kind	KIND_OK	samples/국토교통부/2018/extract-data-001717.hwpx	국토교통부	2018	hwpx	number	1	1	
u_extract_data-001718	extract-data	kind	KIND_OK	samples/고용노동부/2018/extract-data-001718.hwp	고용노동부	2018	hwp	all	2	2	
u_extract_data-001719	extract-data	kind	KIND_OK	samples/외교부/2018/extract-data-001719.hwpx	외교부	2018	hwpx	date	3	3	
u_extract_data-001720	extract-data	kind	COUNT_DRIFT	samples/기획재정부/2018/extract-data-001720.hwp	기획재정부	2018	hwp	amount	4	5	
u_extract_data-001721	extract-data	kind	KIND_UNKNOWN	samples/공정거래위원회/2018/extract-data-001721.hwpx	공정거래위원회	2018	hwpx	token	5	5	
u_extract_data-001722	extract-data	kind	KIND_OK	samples/금융위원회/2018/extract-data-001722.hwp	금융위원회	2018	hwp	date	6	6	
u_extract_data-001723	extract-data	kind	KIND_OK	samples/통계청/2018/extract-data-001723.hwpx	통계청	2018	hwpx	amount	7	7	
u_extract_data-001724	extract-data	kind	KIND_OK	samples/기상청/2018/extract-data-001724.hwp	기상청	2018	hwp	number	8	8	
u_extract_data-001725	extract-data	kind	KIND_OK	samples/관세청/2018/extract-data-001725.hwpx	관세청	2018	hwpx	all	9	9	
u_extract_data-001726	extract-data	kind	KIND_OK	samples/검찰청/2018/extract-data-001726.hwp	검찰청	2018	hwp	date	10	10	
u_extract_data-001727	extract-data	kind	COUNT_DRIFT	samples/경찰청/2018/extract-data-001727.hwpx	경찰청	2018	hwpx	amount	11	12	
u_extract_data-001728	extract-data	kind	KIND_UNKNOWN	samples/소방청/2018/extract-data-001728.hwp	소방청	2018	hwp	token	0	0	
u_extract_data-001729	extract-data	kind	KIND_OK	samples/병무청/2018/extract-data-001729.hwpx	병무청	2018	hwpx	date	1	1	
u_extract_data-001730	extract-data	kind	KIND_OK	samples/산림청/2018/extract-data-001730.hwp	산림청	2018	hwp	amount	2	2	
u_extract_data-001731	extract-data	kind	KIND_OK	samples/중소벤처기업부/2018/extract-data-001731.hwpx	중소벤처기업부	2018	hwpx	number	3	3	
u_extract_data-001732	extract-data	kind	KIND_OK	samples/과학기술정보통신부/2018/extract-data-001732.hwp	과학기술정보통신부	2018	hwp	all	4	4	
u_extract_data-001733	extract-data	kind	KIND_OK	samples/문화체육관광부/2018/extract-data-001733.hwpx	문화체육관광부	2018	hwpx	date	5	5	
u_extract_data-001734	extract-data	kind	COUNT_DRIFT	samples/환경부/2018/extract-data-001734.hwp	환경부	2018	hwp	amount	6	7	
u_extract_data-001735	extract-data	kind	KIND_UNKNOWN	samples/해양수산부/2018/extract-data-001735.hwpx	해양수산부	2018	hwpx	token	7	7	
u_extract_data-001736	extract-data	kind	KIND_OK	samples/서울특별시/2018/extract-data-001736.hwp	서울특별시	2018	hwp	date	8	8	
u_extract_data-001737	extract-data	kind	KIND_OK	samples/경기도/2018/extract-data-001737.hwpx	경기도	2018	hwpx	amount	9	9	
u_extract_data-001738	extract-data	kind	KIND_OK	samples/부산광역시/2018/extract-data-001738.hwp	부산광역시	2018	hwp	number	10	10	
u_extract_data-001739	extract-data	kind	KIND_OK	samples/제주특별자치도/2018/extract-data-001739.hwpx	제주특별자치도	2018	hwpx	all	11	11	
u_extract_data-001740	extract-data	kind	KIND_OK	samples/법제처/2019/extract-data-001740.hwp	법제처	2019	hwp	date	0	0	
u_extract_data-001741	extract-data	kind	COUNT_DRIFT	samples/행정안전부/2019/extract-data-001741.hwpx	행정안전부	2019	hwpx	amount	1	2	
u_extract_data-001742	extract-data	kind	KIND_UNKNOWN	samples/국세청/2019/extract-data-001742.hwp	국세청	2019	hwp	token	2	2	
u_extract_data-001743	extract-data	kind	KIND_OK	samples/대법원/2019/extract-data-001743.hwpx	대법원	2019	hwpx	date	3	3	
u_extract_data-001744	extract-data	kind	KIND_OK	samples/특허청/2019/extract-data-001744.hwp	특허청	2019	hwp	amount	4	4	
u_extract_data-001745	extract-data	kind	KIND_OK	samples/교육부/2019/extract-data-001745.hwpx	교육부	2019	hwpx	number	5	5	
u_extract_data-001746	extract-data	kind	KIND_OK	samples/보건복지부/2019/extract-data-001746.hwp	보건복지부	2019	hwp	all	6	6	
u_extract_data-001747	extract-data	kind	KIND_OK	samples/국토교통부/2019/extract-data-001747.hwpx	국토교통부	2019	hwpx	date	7	7	
u_extract_data-001748	extract-data	kind	COUNT_DRIFT	samples/고용노동부/2019/extract-data-001748.hwp	고용노동부	2019	hwp	amount	8	9	
u_extract_data-001749	extract-data	kind	KIND_UNKNOWN	samples/외교부/2019/extract-data-001749.hwpx	외교부	2019	hwpx	token	9	9	
u_extract_data-001750	extract-data	kind	KIND_OK	samples/기획재정부/2019/extract-data-001750.hwp	기획재정부	2019	hwp	date	10	10	
u_extract_data-001751	extract-data	kind	KIND_OK	samples/공정거래위원회/2019/extract-data-001751.hwpx	공정거래위원회	2019	hwpx	amount	11	11	
u_extract_data-001752	extract-data	kind	KIND_OK	samples/금융위원회/2019/extract-data-001752.hwp	금융위원회	2019	hwp	number	0	0	
u_extract_data-001753	extract-data	kind	KIND_OK	samples/통계청/2019/extract-data-001753.hwpx	통계청	2019	hwpx	all	1	1	
u_extract_data-001754	extract-data	kind	KIND_OK	samples/기상청/2019/extract-data-001754.hwp	기상청	2019	hwp	date	2	2	
u_extract_data-001755	extract-data	kind	COUNT_DRIFT	samples/관세청/2019/extract-data-001755.hwpx	관세청	2019	hwpx	amount	3	4	
u_extract_data-001756	extract-data	kind	KIND_UNKNOWN	samples/검찰청/2019/extract-data-001756.hwp	검찰청	2019	hwp	token	4	4	
u_extract_data-001757	extract-data	kind	KIND_OK	samples/경찰청/2019/extract-data-001757.hwpx	경찰청	2019	hwpx	date	5	5	
u_extract_data-001758	extract-data	kind	KIND_OK	samples/소방청/2019/extract-data-001758.hwp	소방청	2019	hwp	amount	6	6	
u_extract_data-001759	extract-data	kind	KIND_OK	samples/병무청/2019/extract-data-001759.hwpx	병무청	2019	hwpx	number	7	7	
u_extract_data-001760	extract-data	kind	KIND_OK	samples/산림청/2019/extract-data-001760.hwp	산림청	2019	hwp	all	8	8	
u_extract_data-001761	extract-data	kind	KIND_OK	samples/중소벤처기업부/2019/extract-data-001761.hwpx	중소벤처기업부	2019	hwpx	date	9	9	
u_extract_data-001762	extract-data	kind	COUNT_DRIFT	samples/과학기술정보통신부/2019/extract-data-001762.hwp	과학기술정보통신부	2019	hwp	amount	10	11	
u_extract_data-001763	extract-data	kind	KIND_UNKNOWN	samples/문화체육관광부/2019/extract-data-001763.hwpx	문화체육관광부	2019	hwpx	token	11	11	
u_extract_data-001764	extract-data	kind	KIND_OK	samples/환경부/2019/extract-data-001764.hwp	환경부	2019	hwp	date	0	0	
u_extract_data-001765	extract-data	kind	KIND_OK	samples/해양수산부/2019/extract-data-001765.hwpx	해양수산부	2019	hwpx	amount	1	1	
u_extract_data-001766	extract-data	kind	KIND_OK	samples/서울특별시/2019/extract-data-001766.hwp	서울특별시	2019	hwp	number	2	2	
u_extract_data-001767	extract-data	kind	KIND_OK	samples/경기도/2019/extract-data-001767.hwpx	경기도	2019	hwpx	all	3	3	
u_extract_data-001768	extract-data	kind	KIND_OK	samples/부산광역시/2019/extract-data-001768.hwp	부산광역시	2019	hwp	date	4	4	
u_extract_data-001769	extract-data	kind	COUNT_DRIFT	samples/제주특별자치도/2019/extract-data-001769.hwpx	제주특별자치도	2019	hwpx	amount	5	6	
u_extract_data-001770	extract-data	kind	KIND_UNKNOWN	samples/법제처/2020/extract-data-001770.hwp	법제처	2020	hwp	token	6	6	
u_extract_data-001771	extract-data	kind	KIND_OK	samples/행정안전부/2020/extract-data-001771.hwpx	행정안전부	2020	hwpx	date	7	7	
u_extract_data-001772	extract-data	kind	KIND_OK	samples/국세청/2020/extract-data-001772.hwp	국세청	2020	hwp	amount	8	8	
u_extract_data-001773	extract-data	kind	KIND_OK	samples/대법원/2020/extract-data-001773.hwpx	대법원	2020	hwpx	number	9	9	
u_extract_data-001774	extract-data	kind	KIND_OK	samples/특허청/2020/extract-data-001774.hwp	특허청	2020	hwp	all	10	10	
u_extract_data-001775	extract-data	kind	KIND_OK	samples/교육부/2020/extract-data-001775.hwpx	교육부	2020	hwpx	date	11	11	
u_extract_data-001776	extract-data	kind	COUNT_DRIFT	samples/보건복지부/2020/extract-data-001776.hwp	보건복지부	2020	hwp	amount	0	1	
u_extract_data-001777	extract-data	kind	KIND_UNKNOWN	samples/국토교통부/2020/extract-data-001777.hwpx	국토교통부	2020	hwpx	token	1	1	
u_extract_data-001778	extract-data	kind	KIND_OK	samples/고용노동부/2020/extract-data-001778.hwp	고용노동부	2020	hwp	date	2	2	
u_extract_data-001779	extract-data	kind	KIND_OK	samples/외교부/2020/extract-data-001779.hwpx	외교부	2020	hwpx	amount	3	3	
u_extract_data-001780	extract-data	kind	KIND_OK	samples/기획재정부/2020/extract-data-001780.hwp	기획재정부	2020	hwp	number	4	4	
u_extract_data-001781	extract-data	kind	KIND_OK	samples/공정거래위원회/2020/extract-data-001781.hwpx	공정거래위원회	2020	hwpx	all	5	5	
u_extract_data-001782	extract-data	kind	KIND_OK	samples/금융위원회/2020/extract-data-001782.hwp	금융위원회	2020	hwp	date	6	6	
u_extract_data-001783	extract-data	kind	COUNT_DRIFT	samples/통계청/2020/extract-data-001783.hwpx	통계청	2020	hwpx	amount	7	8	
u_extract_data-001784	extract-data	kind	KIND_UNKNOWN	samples/기상청/2020/extract-data-001784.hwp	기상청	2020	hwp	token	8	8	
u_extract_data-001785	extract-data	kind	KIND_OK	samples/관세청/2020/extract-data-001785.hwpx	관세청	2020	hwpx	date	9	9	
u_extract_data-001786	extract-data	kind	KIND_OK	samples/검찰청/2020/extract-data-001786.hwp	검찰청	2020	hwp	amount	10	10	
u_extract_data-001787	extract-data	kind	KIND_OK	samples/경찰청/2020/extract-data-001787.hwpx	경찰청	2020	hwpx	number	11	11	
u_extract_data-001788	extract-data	kind	KIND_OK	samples/소방청/2020/extract-data-001788.hwp	소방청	2020	hwp	all	0	0	
u_extract_data-001789	extract-data	kind	KIND_OK	samples/병무청/2020/extract-data-001789.hwpx	병무청	2020	hwpx	date	1	1	
u_extract_data-001790	extract-data	kind	COUNT_DRIFT	samples/산림청/2020/extract-data-001790.hwp	산림청	2020	hwp	amount	2	3	
u_extract_data-001791	extract-data	kind	KIND_UNKNOWN	samples/중소벤처기업부/2020/extract-data-001791.hwpx	중소벤처기업부	2020	hwpx	token	3	3	
u_extract_data-001792	extract-data	kind	KIND_OK	samples/과학기술정보통신부/2020/extract-data-001792.hwp	과학기술정보통신부	2020	hwp	date	4	4	
u_extract_data-001793	extract-data	kind	KIND_OK	samples/문화체육관광부/2020/extract-data-001793.hwpx	문화체육관광부	2020	hwpx	amount	5	5	
u_extract_data-001794	extract-data	kind	KIND_OK	samples/환경부/2020/extract-data-001794.hwp	환경부	2020	hwp	number	6	6	
u_extract_data-001795	extract-data	kind	KIND_OK	samples/해양수산부/2020/extract-data-001795.hwpx	해양수산부	2020	hwpx	all	7	7	
u_extract_data-001796	extract-data	kind	KIND_OK	samples/서울특별시/2020/extract-data-001796.hwp	서울특별시	2020	hwp	date	8	8	
u_extract_data-001797	extract-data	kind	COUNT_DRIFT	samples/경기도/2020/extract-data-001797.hwpx	경기도	2020	hwpx	amount	9	10	
u_extract_data-001798	extract-data	kind	KIND_UNKNOWN	samples/부산광역시/2020/extract-data-001798.hwp	부산광역시	2020	hwp	token	10	10	
u_extract_data-001799	extract-data	kind	KIND_OK	samples/제주특별자치도/2020/extract-data-001799.hwpx	제주특별자치도	2020	hwpx	date	11	11	
u_extract_data-001800	extract-data	kind	KIND_OK	samples/법제처/2021/extract-data-001800.hwp	법제처	2021	hwp	amount	0	0	
u_extract_data-001801	extract-data	kind	KIND_OK	samples/행정안전부/2021/extract-data-001801.hwpx	행정안전부	2021	hwpx	number	1	1	
u_extract_data-001802	extract-data	kind	KIND_OK	samples/국세청/2021/extract-data-001802.hwp	국세청	2021	hwp	all	2	2	
u_extract_data-001803	extract-data	kind	KIND_OK	samples/대법원/2021/extract-data-001803.hwpx	대법원	2021	hwpx	date	3	3	
u_extract_data-001804	extract-data	kind	COUNT_DRIFT	samples/특허청/2021/extract-data-001804.hwp	특허청	2021	hwp	amount	4	5	
u_extract_data-001805	extract-data	kind	KIND_UNKNOWN	samples/교육부/2021/extract-data-001805.hwpx	교육부	2021	hwpx	token	5	5	
u_extract_data-001806	extract-data	kind	KIND_OK	samples/보건복지부/2021/extract-data-001806.hwp	보건복지부	2021	hwp	date	6	6	
u_extract_data-001807	extract-data	kind	KIND_OK	samples/국토교통부/2021/extract-data-001807.hwpx	국토교통부	2021	hwpx	amount	7	7	
u_extract_data-001808	extract-data	kind	KIND_OK	samples/고용노동부/2021/extract-data-001808.hwp	고용노동부	2021	hwp	number	8	8	
u_extract_data-001809	extract-data	kind	KIND_OK	samples/외교부/2021/extract-data-001809.hwpx	외교부	2021	hwpx	all	9	9	
u_extract_data-001810	extract-data	kind	KIND_OK	samples/기획재정부/2021/extract-data-001810.hwp	기획재정부	2021	hwp	date	10	10	
u_extract_data-001811	extract-data	kind	COUNT_DRIFT	samples/공정거래위원회/2021/extract-data-001811.hwpx	공정거래위원회	2021	hwpx	amount	11	12	
u_extract_data-001812	extract-data	kind	KIND_UNKNOWN	samples/금융위원회/2021/extract-data-001812.hwp	금융위원회	2021	hwp	token	0	0	
u_extract_data-001813	extract-data	kind	KIND_OK	samples/통계청/2021/extract-data-001813.hwpx	통계청	2021	hwpx	date	1	1	
u_extract_data-001814	extract-data	kind	KIND_OK	samples/기상청/2021/extract-data-001814.hwp	기상청	2021	hwp	amount	2	2	
u_extract_data-001815	extract-data	kind	KIND_OK	samples/관세청/2021/extract-data-001815.hwpx	관세청	2021	hwpx	number	3	3	
u_extract_data-001816	extract-data	kind	KIND_OK	samples/검찰청/2021/extract-data-001816.hwp	검찰청	2021	hwp	all	4	4	
u_extract_data-001817	extract-data	kind	KIND_OK	samples/경찰청/2021/extract-data-001817.hwpx	경찰청	2021	hwpx	date	5	5	
u_extract_data-001818	extract-data	kind	COUNT_DRIFT	samples/소방청/2021/extract-data-001818.hwp	소방청	2021	hwp	amount	6	7	
u_extract_data-001819	extract-data	kind	KIND_UNKNOWN	samples/병무청/2021/extract-data-001819.hwpx	병무청	2021	hwpx	token	7	7	
u_extract_data-001820	extract-data	kind	KIND_OK	samples/산림청/2021/extract-data-001820.hwp	산림청	2021	hwp	date	8	8	
u_extract_data-001821	extract-data	kind	KIND_OK	samples/중소벤처기업부/2021/extract-data-001821.hwpx	중소벤처기업부	2021	hwpx	amount	9	9	
u_extract_data-001822	extract-data	kind	KIND_OK	samples/과학기술정보통신부/2021/extract-data-001822.hwp	과학기술정보통신부	2021	hwp	number	10	10	
u_extract_data-001823	extract-data	kind	KIND_OK	samples/문화체육관광부/2021/extract-data-001823.hwpx	문화체육관광부	2021	hwpx	all	11	11	
u_extract_data-001824	extract-data	kind	KIND_OK	samples/환경부/2021/extract-data-001824.hwp	환경부	2021	hwp	date	0	0	
u_extract_data-001825	extract-data	kind	COUNT_DRIFT	samples/해양수산부/2021/extract-data-001825.hwpx	해양수산부	2021	hwpx	amount	1	2	
u_extract_data-001826	extract-data	kind	KIND_UNKNOWN	samples/서울특별시/2021/extract-data-001826.hwp	서울특별시	2021	hwp	token	2	2	
u_extract_data-001827	extract-data	kind	KIND_OK	samples/경기도/2021/extract-data-001827.hwpx	경기도	2021	hwpx	date	3	3	
u_extract_data-001828	extract-data	kind	KIND_OK	samples/부산광역시/2021/extract-data-001828.hwp	부산광역시	2021	hwp	amount	4	4	
u_extract_data-001829	extract-data	kind	KIND_OK	samples/제주특별자치도/2021/extract-data-001829.hwpx	제주특별자치도	2021	hwpx	number	5	5	
u_extract_data-001830	extract-data	kind	KIND_OK	samples/법제처/2022/extract-data-001830.hwp	법제처	2022	hwp	all	6	6	
u_extract_data-001831	extract-data	kind	KIND_OK	samples/행정안전부/2022/extract-data-001831.hwpx	행정안전부	2022	hwpx	date	7	7	
u_extract_data-001832	extract-data	kind	COUNT_DRIFT	samples/국세청/2022/extract-data-001832.hwp	국세청	2022	hwp	amount	8	9	
u_extract_data-001833	extract-data	kind	KIND_UNKNOWN	samples/대법원/2022/extract-data-001833.hwpx	대법원	2022	hwpx	token	9	9	
u_extract_data-001834	extract-data	kind	KIND_OK	samples/특허청/2022/extract-data-001834.hwp	특허청	2022	hwp	date	10	10	
u_extract_data-001835	extract-data	kind	KIND_OK	samples/교육부/2022/extract-data-001835.hwpx	교육부	2022	hwpx	amount	11	11	
u_extract_data-001836	extract-data	kind	KIND_OK	samples/보건복지부/2022/extract-data-001836.hwp	보건복지부	2022	hwp	number	0	0	
u_extract_data-001837	extract-data	kind	KIND_OK	samples/국토교통부/2022/extract-data-001837.hwpx	국토교통부	2022	hwpx	all	1	1	
u_extract_data-001838	extract-data	kind	KIND_OK	samples/고용노동부/2022/extract-data-001838.hwp	고용노동부	2022	hwp	date	2	2	
u_extract_data-001839	extract-data	kind	COUNT_DRIFT	samples/외교부/2022/extract-data-001839.hwpx	외교부	2022	hwpx	amount	3	4	
u_extract_data-001840	extract-data	kind	KIND_UNKNOWN	samples/기획재정부/2022/extract-data-001840.hwp	기획재정부	2022	hwp	token	4	4	
u_extract_data-001841	extract-data	kind	KIND_OK	samples/공정거래위원회/2022/extract-data-001841.hwpx	공정거래위원회	2022	hwpx	date	5	5	
u_extract_data-001842	extract-data	kind	KIND_OK	samples/금융위원회/2022/extract-data-001842.hwp	금융위원회	2022	hwp	amount	6	6	
u_extract_data-001843	extract-data	kind	KIND_OK	samples/통계청/2022/extract-data-001843.hwpx	통계청	2022	hwpx	number	7	7	
u_extract_data-001844	extract-data	kind	KIND_OK	samples/기상청/2022/extract-data-001844.hwp	기상청	2022	hwp	all	8	8	
u_extract_data-001845	extract-data	kind	KIND_OK	samples/관세청/2022/extract-data-001845.hwpx	관세청	2022	hwpx	date	9	9	
u_extract_data-001846	extract-data	kind	COUNT_DRIFT	samples/검찰청/2022/extract-data-001846.hwp	검찰청	2022	hwp	amount	10	11	
u_extract_data-001847	extract-data	kind	KIND_UNKNOWN	samples/경찰청/2022/extract-data-001847.hwpx	경찰청	2022	hwpx	token	11	11	
u_extract_data-001848	extract-data	kind	KIND_OK	samples/소방청/2022/extract-data-001848.hwp	소방청	2022	hwp	date	0	0	
u_extract_data-001849	extract-data	kind	KIND_OK	samples/병무청/2022/extract-data-001849.hwpx	병무청	2022	hwpx	amount	1	1	
u_extract_data-001850	extract-data	kind	KIND_OK	samples/산림청/2022/extract-data-001850.hwp	산림청	2022	hwp	number	2	2	
u_extract_data-001851	extract-data	kind	KIND_OK	samples/중소벤처기업부/2022/extract-data-001851.hwpx	중소벤처기업부	2022	hwpx	all	3	3	
u_extract_data-001852	extract-data	kind	KIND_OK	samples/과학기술정보통신부/2022/extract-data-001852.hwp	과학기술정보통신부	2022	hwp	date	4	4	
u_extract_data-001853	extract-data	kind	COUNT_DRIFT	samples/문화체육관광부/2022/extract-data-001853.hwpx	문화체육관광부	2022	hwpx	amount	5	6	
u_extract_data-001854	extract-data	kind	KIND_UNKNOWN	samples/환경부/2022/extract-data-001854.hwp	환경부	2022	hwp	token	6	6	
u_extract_data-001855	extract-data	kind	KIND_OK	samples/해양수산부/2022/extract-data-001855.hwpx	해양수산부	2022	hwpx	date	7	7	
u_extract_data-001856	extract-data	kind	KIND_OK	samples/서울특별시/2022/extract-data-001856.hwp	서울특별시	2022	hwp	amount	8	8	
u_extract_data-001857	extract-data	kind	KIND_OK	samples/경기도/2022/extract-data-001857.hwpx	경기도	2022	hwpx	number	9	9	
u_extract_data-001858	extract-data	kind	KIND_OK	samples/부산광역시/2022/extract-data-001858.hwp	부산광역시	2022	hwp	all	10	10	
u_extract_data-001859	extract-data	kind	KIND_OK	samples/제주특별자치도/2022/extract-data-001859.hwpx	제주특별자치도	2022	hwpx	date	11	11	
u_extract_data-001860	extract-data	kind	COUNT_DRIFT	samples/법제처/2023/extract-data-001860.hwp	법제처	2023	hwp	amount	0	1	
u_extract_data-001861	extract-data	kind	KIND_UNKNOWN	samples/행정안전부/2023/extract-data-001861.hwpx	행정안전부	2023	hwpx	token	1	1	
u_extract_data-001862	extract-data	kind	KIND_OK	samples/국세청/2023/extract-data-001862.hwp	국세청	2023	hwp	date	2	2	
u_extract_data-001863	extract-data	kind	KIND_OK	samples/대법원/2023/extract-data-001863.hwpx	대법원	2023	hwpx	amount	3	3	
u_extract_data-001864	extract-data	kind	KIND_OK	samples/특허청/2023/extract-data-001864.hwp	특허청	2023	hwp	number	4	4	
u_extract_data-001865	extract-data	kind	KIND_OK	samples/교육부/2023/extract-data-001865.hwpx	교육부	2023	hwpx	all	5	5	
u_extract_data-001866	extract-data	kind	KIND_OK	samples/보건복지부/2023/extract-data-001866.hwp	보건복지부	2023	hwp	date	6	6	
u_extract_data-001867	extract-data	kind	COUNT_DRIFT	samples/국토교통부/2023/extract-data-001867.hwpx	국토교통부	2023	hwpx	amount	7	8	
u_extract_data-001868	extract-data	kind	KIND_UNKNOWN	samples/고용노동부/2023/extract-data-001868.hwp	고용노동부	2023	hwp	token	8	8	
u_extract_data-001869	extract-data	kind	KIND_OK	samples/외교부/2023/extract-data-001869.hwpx	외교부	2023	hwpx	date	9	9	
u_extract_data-001870	extract-data	kind	KIND_OK	samples/기획재정부/2023/extract-data-001870.hwp	기획재정부	2023	hwp	amount	10	10	
u_extract_data-001871	extract-data	kind	KIND_OK	samples/공정거래위원회/2023/extract-data-001871.hwpx	공정거래위원회	2023	hwpx	number	11	11	
u_extract_data-001872	extract-data	kind	KIND_OK	samples/금융위원회/2023/extract-data-001872.hwp	금융위원회	2023	hwp	all	0	0	
u_extract_data-001873	extract-data	kind	KIND_OK	samples/통계청/2023/extract-data-001873.hwpx	통계청	2023	hwpx	date	1	1	
u_extract_data-001874	extract-data	kind	COUNT_DRIFT	samples/기상청/2023/extract-data-001874.hwp	기상청	2023	hwp	amount	2	3	
u_extract_data-001875	extract-data	kind	KIND_UNKNOWN	samples/관세청/2023/extract-data-001875.hwpx	관세청	2023	hwpx	token	3	3	
u_extract_data-001876	extract-data	kind	KIND_OK	samples/검찰청/2023/extract-data-001876.hwp	검찰청	2023	hwp	date	4	4	
u_extract_data-001877	extract-data	kind	KIND_OK	samples/경찰청/2023/extract-data-001877.hwpx	경찰청	2023	hwpx	amount	5	5	
u_extract_data-001878	extract-data	kind	KIND_OK	samples/소방청/2023/extract-data-001878.hwp	소방청	2023	hwp	number	6	6	
u_extract_data-001879	extract-data	kind	KIND_OK	samples/병무청/2023/extract-data-001879.hwpx	병무청	2023	hwpx	all	7	7	
u_extract_data-001880	extract-data	kind	KIND_OK	samples/산림청/2023/extract-data-001880.hwp	산림청	2023	hwp	date	8	8	
u_extract_data-001881	extract-data	kind	COUNT_DRIFT	samples/중소벤처기업부/2023/extract-data-001881.hwpx	중소벤처기업부	2023	hwpx	amount	9	10	
u_extract_data-001882	extract-data	kind	KIND_UNKNOWN	samples/과학기술정보통신부/2023/extract-data-001882.hwp	과학기술정보통신부	2023	hwp	token	10	10	
u_extract_data-001883	extract-data	kind	KIND_OK	samples/문화체육관광부/2023/extract-data-001883.hwpx	문화체육관광부	2023	hwpx	date	11	11	
u_extract_data-001884	extract-data	kind	KIND_OK	samples/환경부/2023/extract-data-001884.hwp	환경부	2023	hwp	amount	0	0	
u_extract_data-001885	extract-data	kind	KIND_OK	samples/해양수산부/2023/extract-data-001885.hwpx	해양수산부	2023	hwpx	number	1	1	
u_extract_data-001886	extract-data	kind	KIND_OK	samples/서울특별시/2023/extract-data-001886.hwp	서울특별시	2023	hwp	all	2	2	
u_extract_data-001887	extract-data	kind	KIND_OK	samples/경기도/2023/extract-data-001887.hwpx	경기도	2023	hwpx	date	3	3	
u_extract_data-001888	extract-data	kind	COUNT_DRIFT	samples/부산광역시/2023/extract-data-001888.hwp	부산광역시	2023	hwp	amount	4	5	
u_extract_data-001889	extract-data	kind	KIND_UNKNOWN	samples/제주특별자치도/2023/extract-data-001889.hwpx	제주특별자치도	2023	hwpx	token	5	5	
u_extract_data-001890	extract-data	kind	KIND_OK	samples/법제처/2024/extract-data-001890.hwp	법제처	2024	hwp	date	6	6	
u_extract_data-001891	extract-data	kind	KIND_OK	samples/행정안전부/2024/extract-data-001891.hwpx	행정안전부	2024	hwpx	amount	7	7	
u_extract_data-001892	extract-data	kind	KIND_OK	samples/국세청/2024/extract-data-001892.hwp	국세청	2024	hwp	number	8	8	
u_extract_data-001893	extract-data	kind	KIND_OK	samples/대법원/2024/extract-data-001893.hwpx	대법원	2024	hwpx	all	9	9	
u_extract_data-001894	extract-data	kind	KIND_OK	samples/특허청/2024/extract-data-001894.hwp	특허청	2024	hwp	date	10	10	
u_extract_data-001895	extract-data	kind	COUNT_DRIFT	samples/교육부/2024/extract-data-001895.hwpx	교육부	2024	hwpx	amount	11	12	
u_extract_data-001896	extract-data	kind	KIND_UNKNOWN	samples/보건복지부/2024/extract-data-001896.hwp	보건복지부	2024	hwp	token	0	0	
u_extract_data-001897	extract-data	kind	KIND_OK	samples/국토교통부/2024/extract-data-001897.hwpx	국토교통부	2024	hwpx	date	1	1	
u_extract_data-001898	extract-data	kind	KIND_OK	samples/고용노동부/2024/extract-data-001898.hwp	고용노동부	2024	hwp	amount	2	2	
u_extract_data-001899	extract-data	kind	KIND_OK	samples/외교부/2024/extract-data-001899.hwpx	외교부	2024	hwpx	number	3	3	
u_extract_data-001900	extract-data	kind	KIND_OK	samples/기획재정부/2024/extract-data-001900.hwp	기획재정부	2024	hwp	all	4	4	
u_extract_data-001901	extract-data	kind	KIND_OK	samples/공정거래위원회/2024/extract-data-001901.hwpx	공정거래위원회	2024	hwpx	date	5	5	
u_extract_data-001902	extract-data	kind	COUNT_DRIFT	samples/금융위원회/2024/extract-data-001902.hwp	금융위원회	2024	hwp	amount	6	7	
u_extract_data-001903	extract-data	kind	KIND_UNKNOWN	samples/통계청/2024/extract-data-001903.hwpx	통계청	2024	hwpx	token	7	7	
u_extract_data-001904	extract-data	kind	KIND_OK	samples/기상청/2024/extract-data-001904.hwp	기상청	2024	hwp	date	8	8	
u_extract_data-001905	extract-data	kind	KIND_OK	samples/관세청/2024/extract-data-001905.hwpx	관세청	2024	hwpx	amount	9	9	
u_extract_data-001906	extract-data	kind	KIND_OK	samples/검찰청/2024/extract-data-001906.hwp	검찰청	2024	hwp	number	10	10	
u_extract_data-001907	extract-data	kind	KIND_OK	samples/경찰청/2024/extract-data-001907.hwpx	경찰청	2024	hwpx	all	11	11	
u_extract_data-001908	extract-data	kind	KIND_OK	samples/소방청/2024/extract-data-001908.hwp	소방청	2024	hwp	date	0	0	
u_extract_data-001909	extract-data	kind	COUNT_DRIFT	samples/병무청/2024/extract-data-001909.hwpx	병무청	2024	hwpx	amount	1	2	
u_extract_data-001910	extract-data	kind	KIND_UNKNOWN	samples/산림청/2024/extract-data-001910.hwp	산림청	2024	hwp	token	2	2	
u_extract_data-001911	extract-data	kind	KIND_OK	samples/중소벤처기업부/2024/extract-data-001911.hwpx	중소벤처기업부	2024	hwpx	date	3	3	
u_extract_data-001912	extract-data	kind	KIND_OK	samples/과학기술정보통신부/2024/extract-data-001912.hwp	과학기술정보통신부	2024	hwp	amount	4	4	
u_extract_data-001913	extract-data	kind	KIND_OK	samples/문화체육관광부/2024/extract-data-001913.hwpx	문화체육관광부	2024	hwpx	number	5	5	
u_extract_data-001914	extract-data	kind	KIND_OK	samples/환경부/2024/extract-data-001914.hwp	환경부	2024	hwp	all	6	6	
u_extract_data-001915	extract-data	kind	KIND_OK	samples/해양수산부/2024/extract-data-001915.hwpx	해양수산부	2024	hwpx	date	7	7	
u_extract_data-001916	extract-data	kind	COUNT_DRIFT	samples/서울특별시/2024/extract-data-001916.hwp	서울특별시	2024	hwp	amount	8	9	
u_extract_data-001917	extract-data	kind	KIND_UNKNOWN	samples/경기도/2024/extract-data-001917.hwpx	경기도	2024	hwpx	token	9	9	
u_extract_data-001918	extract-data	kind	KIND_OK	samples/부산광역시/2024/extract-data-001918.hwp	부산광역시	2024	hwp	date	10	10	
u_extract_data-001919	extract-data	kind	KIND_OK	samples/제주특별자치도/2024/extract-data-001919.hwpx	제주특별자치도	2024	hwpx	amount	11	11	
u_extract_data-001920	extract-data	kind	KIND_OK	samples/법제처/2025/extract-data-001920.hwp	법제처	2025	hwp	number	0	0	
u_extract_data-001921	extract-data	kind	KIND_OK	samples/행정안전부/2025/extract-data-001921.hwpx	행정안전부	2025	hwpx	all	1	1	
u_extract_data-001922	extract-data	kind	KIND_OK	samples/국세청/2025/extract-data-001922.hwp	국세청	2025	hwp	date	2	2	
u_extract_data-001923	extract-data	kind	COUNT_DRIFT	samples/대법원/2025/extract-data-001923.hwpx	대법원	2025	hwpx	amount	3	4	
u_extract_data-001924	extract-data	kind	KIND_UNKNOWN	samples/특허청/2025/extract-data-001924.hwp	특허청	2025	hwp	token	4	4	
u_extract_data-001925	extract-data	kind	KIND_OK	samples/교육부/2025/extract-data-001925.hwpx	교육부	2025	hwpx	date	5	5	
u_extract_data-001926	extract-data	kind	KIND_OK	samples/보건복지부/2025/extract-data-001926.hwp	보건복지부	2025	hwp	amount	6	6	
u_extract_data-001927	extract-data	kind	KIND_OK	samples/국토교통부/2025/extract-data-001927.hwpx	국토교통부	2025	hwpx	number	7	7	
u_extract_data-001928	extract-data	kind	KIND_OK	samples/고용노동부/2025/extract-data-001928.hwp	고용노동부	2025	hwp	all	8	8	
u_extract_data-001929	extract-data	kind	KIND_OK	samples/외교부/2025/extract-data-001929.hwpx	외교부	2025	hwpx	date	9	9	
u_extract_data-001930	extract-data	kind	COUNT_DRIFT	samples/기획재정부/2025/extract-data-001930.hwp	기획재정부	2025	hwp	amount	10	11	
u_extract_data-001931	extract-data	kind	KIND_UNKNOWN	samples/공정거래위원회/2025/extract-data-001931.hwpx	공정거래위원회	2025	hwpx	token	11	11	
u_extract_data-001932	extract-data	kind	KIND_OK	samples/금융위원회/2025/extract-data-001932.hwp	금융위원회	2025	hwp	date	0	0	
u_extract_data-001933	extract-data	kind	KIND_OK	samples/통계청/2025/extract-data-001933.hwpx	통계청	2025	hwpx	amount	1	1	
u_extract_data-001934	extract-data	kind	KIND_OK	samples/기상청/2025/extract-data-001934.hwp	기상청	2025	hwp	number	2	2	
u_extract_data-001935	extract-data	kind	KIND_OK	samples/관세청/2025/extract-data-001935.hwpx	관세청	2025	hwpx	all	3	3	
u_extract_data-001936	extract-data	kind	KIND_OK	samples/검찰청/2025/extract-data-001936.hwp	검찰청	2025	hwp	date	4	4	
u_extract_data-001937	extract-data	kind	COUNT_DRIFT	samples/경찰청/2025/extract-data-001937.hwpx	경찰청	2025	hwpx	amount	5	6	
u_extract_data-001938	extract-data	kind	KIND_UNKNOWN	samples/소방청/2025/extract-data-001938.hwp	소방청	2025	hwp	token	6	6	
u_extract_data-001939	extract-data	kind	KIND_OK	samples/병무청/2025/extract-data-001939.hwpx	병무청	2025	hwpx	date	7	7	
u_extract_data-001940	extract-data	kind	KIND_OK	samples/산림청/2025/extract-data-001940.hwp	산림청	2025	hwp	amount	8	8	
u_extract_data-001941	extract-data	kind	KIND_OK	samples/중소벤처기업부/2025/extract-data-001941.hwpx	중소벤처기업부	2025	hwpx	number	9	9	
u_extract_data-001942	extract-data	kind	KIND_OK	samples/과학기술정보통신부/2025/extract-data-001942.hwp	과학기술정보통신부	2025	hwp	all	10	10	
u_extract_data-001943	extract-data	kind	KIND_OK	samples/문화체육관광부/2025/extract-data-001943.hwpx	문화체육관광부	2025	hwpx	date	11	11	
u_extract_data-001944	extract-data	kind	COUNT_DRIFT	samples/환경부/2025/extract-data-001944.hwp	환경부	2025	hwp	amount	0	1	
u_extract_data-001945	extract-data	kind	KIND_UNKNOWN	samples/해양수산부/2025/extract-data-001945.hwpx	해양수산부	2025	hwpx	token	1	1	
u_extract_data-001946	extract-data	kind	KIND_OK	samples/서울특별시/2025/extract-data-001946.hwp	서울특별시	2025	hwp	date	2	2	
u_extract_data-001947	extract-data	kind	KIND_OK	samples/경기도/2025/extract-data-001947.hwpx	경기도	2025	hwpx	amount	3	3	
u_extract_data-001948	extract-data	kind	KIND_OK	samples/부산광역시/2025/extract-data-001948.hwp	부산광역시	2025	hwp	number	4	4	
u_extract_data-001949	extract-data	kind	KIND_OK	samples/제주특별자치도/2025/extract-data-001949.hwpx	제주특별자치도	2025	hwpx	all	5	5	
u_extract_data-001950	extract-data	kind	KIND_OK	samples/법제처/2026/extract-data-001950.hwp	법제처	2026	hwp	date	6	6	
u_extract_data-001951	extract-data	kind	COUNT_DRIFT	samples/행정안전부/2026/extract-data-001951.hwpx	행정안전부	2026	hwpx	amount	7	8	
u_extract_data-001952	extract-data	kind	KIND_UNKNOWN	samples/국세청/2026/extract-data-001952.hwp	국세청	2026	hwp	token	8	8	
u_extract_data-001953	extract-data	kind	KIND_OK	samples/대법원/2026/extract-data-001953.hwpx	대법원	2026	hwpx	date	9	9	
u_extract_data-001954	extract-data	kind	KIND_OK	samples/특허청/2026/extract-data-001954.hwp	특허청	2026	hwp	amount	10	10	
u_extract_data-001955	extract-data	kind	KIND_OK	samples/교육부/2026/extract-data-001955.hwpx	교육부	2026	hwpx	number	11	11	
u_extract_data-001956	extract-data	kind	KIND_OK	samples/보건복지부/2026/extract-data-001956.hwp	보건복지부	2026	hwp	all	0	0	
u_extract_data-001957	extract-data	kind	KIND_OK	samples/국토교통부/2026/extract-data-001957.hwpx	국토교통부	2026	hwpx	date	1	1	
u_extract_data-001958	extract-data	kind	COUNT_DRIFT	samples/고용노동부/2026/extract-data-001958.hwp	고용노동부	2026	hwp	amount	2	3	
u_extract_data-001959	extract-data	kind	KIND_UNKNOWN	samples/외교부/2026/extract-data-001959.hwpx	외교부	2026	hwpx	token	3	3	
u_extract_data-001960	extract-data	kind	KIND_OK	samples/기획재정부/2026/extract-data-001960.hwp	기획재정부	2026	hwp	date	4	4	
u_extract_data-001961	extract-data	kind	KIND_OK	samples/공정거래위원회/2026/extract-data-001961.hwpx	공정거래위원회	2026	hwpx	amount	5	5	
u_extract_data-001962	extract-data	kind	KIND_OK	samples/금융위원회/2026/extract-data-001962.hwp	금융위원회	2026	hwp	number	6	6	
u_extract_data-001963	extract-data	kind	KIND_OK	samples/통계청/2026/extract-data-001963.hwpx	통계청	2026	hwpx	all	7	7	
u_extract_data-001964	extract-data	kind	KIND_OK	samples/기상청/2026/extract-data-001964.hwp	기상청	2026	hwp	date	8	8	
u_extract_data-001965	extract-data	kind	COUNT_DRIFT	samples/관세청/2026/extract-data-001965.hwpx	관세청	2026	hwpx	amount	9	10	
u_extract_data-001966	extract-data	kind	KIND_UNKNOWN	samples/검찰청/2026/extract-data-001966.hwp	검찰청	2026	hwp	token	10	10	
u_extract_data-001967	extract-data	kind	KIND_OK	samples/경찰청/2026/extract-data-001967.hwpx	경찰청	2026	hwpx	date	11	11	
u_extract_data-001968	extract-data	kind	KIND_OK	samples/소방청/2026/extract-data-001968.hwp	소방청	2026	hwp	amount	0	0	
u_extract_data-001969	extract-data	kind	KIND_OK	samples/병무청/2026/extract-data-001969.hwpx	병무청	2026	hwpx	number	1	1	
u_extract_data-001970	extract-data	kind	KIND_OK	samples/산림청/2026/extract-data-001970.hwp	산림청	2026	hwp	all	2	2	
u_extract_data-001971	extract-data	kind	KIND_OK	samples/중소벤처기업부/2026/extract-data-001971.hwpx	중소벤처기업부	2026	hwpx	date	3	3	
u_extract_data-001972	extract-data	kind	COUNT_DRIFT	samples/과학기술정보통신부/2026/extract-data-001972.hwp	과학기술정보통신부	2026	hwp	amount	4	5	
u_extract_data-001973	extract-data	kind	KIND_UNKNOWN	samples/문화체육관광부/2026/extract-data-001973.hwpx	문화체육관광부	2026	hwpx	token	5	5	
u_extract_data-001974	extract-data	kind	KIND_OK	samples/환경부/2026/extract-data-001974.hwp	환경부	2026	hwp	date	6	6	
u_extract_data-001975	extract-data	kind	KIND_OK	samples/해양수산부/2026/extract-data-001975.hwpx	해양수산부	2026	hwpx	amount	7	7	
u_extract_data-001976	extract-data	kind	KIND_OK	samples/서울특별시/2026/extract-data-001976.hwp	서울특별시	2026	hwp	number	8	8	
u_extract_data-001977	extract-data	kind	KIND_OK	samples/경기도/2026/extract-data-001977.hwpx	경기도	2026	hwpx	all	9	9	
u_extract_data-001978	extract-data	kind	KIND_OK	samples/부산광역시/2026/extract-data-001978.hwp	부산광역시	2026	hwp	date	10	10	
u_extract_data-001979	extract-data	kind	COUNT_DRIFT	samples/제주특별자치도/2026/extract-data-001979.hwpx	제주특별자치도	2026	hwpx	amount	11	12	
u_extract_data-001980	extract-data	kind	KIND_UNKNOWN	samples/법제처/2016/extract-data-001980.hwp	법제처	2016	hwp	token	0	0	
u_extract_data-001981	extract-data	kind	KIND_OK	samples/행정안전부/2016/extract-data-001981.hwpx	행정안전부	2016	hwpx	date	1	1	
u_extract_data-001982	extract-data	kind	KIND_OK	samples/국세청/2016/extract-data-001982.hwp	국세청	2016	hwp	amount	2	2	
u_extract_data-001983	extract-data	kind	KIND_OK	samples/대법원/2016/extract-data-001983.hwpx	대법원	2016	hwpx	number	3	3	
u_extract_data-001984	extract-data	kind	KIND_OK	samples/특허청/2016/extract-data-001984.hwp	특허청	2016	hwp	all	4	4	
u_extract_data-001985	extract-data	kind	KIND_OK	samples/교육부/2016/extract-data-001985.hwpx	교육부	2016	hwpx	date	5	5	
u_extract_data-001986	extract-data	kind	COUNT_DRIFT	samples/보건복지부/2016/extract-data-001986.hwp	보건복지부	2016	hwp	amount	6	7	
u_extract_data-001987	extract-data	kind	KIND_UNKNOWN	samples/국토교통부/2016/extract-data-001987.hwpx	국토교통부	2016	hwpx	token	7	7	
u_extract_data-001988	extract-data	kind	KIND_OK	samples/고용노동부/2016/extract-data-001988.hwp	고용노동부	2016	hwp	date	8	8	
u_extract_data-001989	extract-data	kind	KIND_OK	samples/외교부/2016/extract-data-001989.hwpx	외교부	2016	hwpx	amount	9	9	
u_extract_data-001990	extract-data	kind	KIND_OK	samples/기획재정부/2016/extract-data-001990.hwp	기획재정부	2016	hwp	number	10	10	
u_extract_data-001991	extract-data	kind	KIND_OK	samples/공정거래위원회/2016/extract-data-001991.hwpx	공정거래위원회	2016	hwpx	all	11	11	
u_extract_data-001992	extract-data	kind	KIND_OK	samples/금융위원회/2016/extract-data-001992.hwp	금융위원회	2016	hwp	date	0	0	
u_extract_data-001993	extract-data	kind	COUNT_DRIFT	samples/통계청/2016/extract-data-001993.hwpx	통계청	2016	hwpx	amount	1	2	
u_extract_data-001994	extract-data	kind	KIND_UNKNOWN	samples/기상청/2016/extract-data-001994.hwp	기상청	2016	hwp	token	2	2	
u_extract_data-001995	extract-data	kind	KIND_OK	samples/관세청/2016/extract-data-001995.hwpx	관세청	2016	hwpx	date	3	3	
u_extract_data-001996	extract-data	kind	KIND_OK	samples/검찰청/2016/extract-data-001996.hwp	검찰청	2016	hwp	amount	4	4	
u_extract_data-001997	extract-data	kind	KIND_OK	samples/경찰청/2016/extract-data-001997.hwpx	경찰청	2016	hwpx	number	5	5	
u_extract_data-001998	extract-data	kind	KIND_OK	samples/소방청/2016/extract-data-001998.hwp	소방청	2016	hwp	all	6	6	
u_extract_data-001999	extract-data	kind	KIND_OK	samples/병무청/2016/extract-data-001999.hwpx	병무청	2016	hwpx	date	7	7	
u_extract_data-002000	extract-data	kind	COUNT_DRIFT	samples/산림청/2016/extract-data-002000.hwp	산림청	2016	hwp	amount	8	9	
u_extract_data-002001	extract-data	kind	KIND_UNKNOWN	samples/중소벤처기업부/2016/extract-data-002001.hwpx	중소벤처기업부	2016	hwpx	token	9	9	
u_extract_data-002002	extract-data	kind	KIND_OK	samples/과학기술정보통신부/2016/extract-data-002002.hwp	과학기술정보통신부	2016	hwp	date	10	10	
u_extract_data-002003	extract-data	kind	KIND_OK	samples/문화체육관광부/2016/extract-data-002003.hwpx	문화체육관광부	2016	hwpx	amount	11	11	
u_extract_data-002004	extract-data	kind	KIND_OK	samples/환경부/2016/extract-data-002004.hwp	환경부	2016	hwp	number	0	0	
u_extract_data-002005	extract-data	kind	KIND_OK	samples/해양수산부/2016/extract-data-002005.hwpx	해양수산부	2016	hwpx	all	1	1	
u_extract_data-002006	extract-data	kind	KIND_OK	samples/서울특별시/2016/extract-data-002006.hwp	서울특별시	2016	hwp	date	2	2	
u_extract_data-002007	extract-data	kind	COUNT_DRIFT	samples/경기도/2016/extract-data-002007.hwpx	경기도	2016	hwpx	amount	3	4	
u_extract_data-002008	extract-data	kind	KIND_UNKNOWN	samples/부산광역시/2016/extract-data-002008.hwp	부산광역시	2016	hwp	token	4	4	
u_extract_data-002009	extract-data	kind	KIND_OK	samples/제주특별자치도/2016/extract-data-002009.hwpx	제주특별자치도	2016	hwpx	date	5	5	
u_extract_data-002010	extract-data	kind	KIND_OK	samples/법제처/2017/extract-data-002010.hwp	법제처	2017	hwp	amount	6	6	
u_extract_data-002011	extract-data	kind	KIND_OK	samples/행정안전부/2017/extract-data-002011.hwpx	행정안전부	2017	hwpx	number	7	7	
u_extract_data-002012	extract-data	kind	KIND_OK	samples/국세청/2017/extract-data-002012.hwp	국세청	2017	hwp	all	8	8	
u_extract_data-002013	extract-data	kind	KIND_OK	samples/대법원/2017/extract-data-002013.hwpx	대법원	2017	hwpx	date	9	9	
u_extract_data-002014	extract-data	kind	COUNT_DRIFT	samples/특허청/2017/extract-data-002014.hwp	특허청	2017	hwp	amount	10	11	
u_extract_data-002015	extract-data	kind	KIND_UNKNOWN	samples/교육부/2017/extract-data-002015.hwpx	교육부	2017	hwpx	token	11	11	
u_extract_data-002016	extract-data	kind	KIND_OK	samples/보건복지부/2017/extract-data-002016.hwp	보건복지부	2017	hwp	date	0	0	
u_extract_data-002017	extract-data	kind	KIND_OK	samples/국토교통부/2017/extract-data-002017.hwpx	국토교통부	2017	hwpx	amount	1	1	
u_extract_data-002018	extract-data	kind	KIND_OK	samples/고용노동부/2017/extract-data-002018.hwp	고용노동부	2017	hwp	number	2	2	
u_extract_data-002019	extract-data	kind	KIND_OK	samples/외교부/2017/extract-data-002019.hwpx	외교부	2017	hwpx	all	3	3	
u_extract_data-002020	extract-data	kind	KIND_OK	samples/기획재정부/2017/extract-data-002020.hwp	기획재정부	2017	hwp	date	4	4	
u_extract_data-002021	extract-data	kind	COUNT_DRIFT	samples/공정거래위원회/2017/extract-data-002021.hwpx	공정거래위원회	2017	hwpx	amount	5	6	
u_extract_data-002022	extract-data	kind	KIND_UNKNOWN	samples/금융위원회/2017/extract-data-002022.hwp	금융위원회	2017	hwp	token	6	6	
u_extract_data-002023	extract-data	kind	KIND_OK	samples/통계청/2017/extract-data-002023.hwpx	통계청	2017	hwpx	date	7	7	
u_extract_data-002024	extract-data	kind	KIND_OK	samples/기상청/2017/extract-data-002024.hwp	기상청	2017	hwp	amount	8	8	
u_extract_data-002025	extract-data	kind	KIND_OK	samples/관세청/2017/extract-data-002025.hwpx	관세청	2017	hwpx	number	9	9	
u_extract_data-002026	extract-data	kind	KIND_OK	samples/검찰청/2017/extract-data-002026.hwp	검찰청	2017	hwp	all	10	10	
u_extract_data-002027	extract-data	kind	KIND_OK	samples/경찰청/2017/extract-data-002027.hwpx	경찰청	2017	hwpx	date	11	11	
u_extract_data-002028	extract-data	kind	COUNT_DRIFT	samples/소방청/2017/extract-data-002028.hwp	소방청	2017	hwp	amount	0	1	
u_extract_data-002029	extract-data	kind	KIND_UNKNOWN	samples/병무청/2017/extract-data-002029.hwpx	병무청	2017	hwpx	token	1	1	
u_extract_data-002030	extract-data	kind	KIND_OK	samples/산림청/2017/extract-data-002030.hwp	산림청	2017	hwp	date	2	2	
u_extract_data-002031	extract-data	kind	KIND_OK	samples/중소벤처기업부/2017/extract-data-002031.hwpx	중소벤처기업부	2017	hwpx	amount	3	3	
u_extract_data-002032	extract-data	kind	KIND_OK	samples/과학기술정보통신부/2017/extract-data-002032.hwp	과학기술정보통신부	2017	hwp	number	4	4	
u_extract_data-002033	extract-data	kind	KIND_OK	samples/문화체육관광부/2017/extract-data-002033.hwpx	문화체육관광부	2017	hwpx	all	5	5	
u_extract_data-002034	extract-data	kind	KIND_OK	samples/환경부/2017/extract-data-002034.hwp	환경부	2017	hwp	date	6	6	
u_extract_data-002035	extract-data	kind	COUNT_DRIFT	samples/해양수산부/2017/extract-data-002035.hwpx	해양수산부	2017	hwpx	amount	7	8	
u_extract_data-002036	extract-data	kind	KIND_UNKNOWN	samples/서울특별시/2017/extract-data-002036.hwp	서울특별시	2017	hwp	token	8	8	
u_extract_data-002037	extract-data	kind	KIND_OK	samples/경기도/2017/extract-data-002037.hwpx	경기도	2017	hwpx	date	9	9	
u_extract_data-002038	extract-data	kind	KIND_OK	samples/부산광역시/2017/extract-data-002038.hwp	부산광역시	2017	hwp	amount	10	10	
u_extract_data-002039	extract-data	kind	KIND_OK	samples/제주특별자치도/2017/extract-data-002039.hwpx	제주특별자치도	2017	hwpx	number	11	11	
u_extract_data-002040	extract-data	kind	KIND_OK	samples/법제처/2018/extract-data-002040.hwp	법제처	2018	hwp	all	0	0	
u_extract_data-002041	extract-data	kind	KIND_OK	samples/행정안전부/2018/extract-data-002041.hwpx	행정안전부	2018	hwpx	date	1	1	
u_extract_data-002042	extract-data	kind	COUNT_DRIFT	samples/국세청/2018/extract-data-002042.hwp	국세청	2018	hwp	amount	2	3	
u_extract_data-002043	extract-data	kind	KIND_UNKNOWN	samples/대법원/2018/extract-data-002043.hwpx	대법원	2018	hwpx	token	3	3	
u_extract_data-002044	extract-data	kind	KIND_OK	samples/특허청/2018/extract-data-002044.hwp	특허청	2018	hwp	date	4	4	
u_extract_data-002045	extract-data	kind	KIND_OK	samples/교육부/2018/extract-data-002045.hwpx	교육부	2018	hwpx	amount	5	5	
u_extract_data-002046	extract-data	kind	KIND_OK	samples/보건복지부/2018/extract-data-002046.hwp	보건복지부	2018	hwp	number	6	6	
u_extract_data-002047	extract-data	kind	KIND_OK	samples/국토교통부/2018/extract-data-002047.hwpx	국토교통부	2018	hwpx	all	7	7	
u_extract_data-002048	extract-data	kind	KIND_OK	samples/고용노동부/2018/extract-data-002048.hwp	고용노동부	2018	hwp	date	8	8	
u_extract_data-002049	extract-data	kind	COUNT_DRIFT	samples/외교부/2018/extract-data-002049.hwpx	외교부	2018	hwpx	amount	9	10	
u_extract_data-002050	extract-data	kind	KIND_UNKNOWN	samples/기획재정부/2018/extract-data-002050.hwp	기획재정부	2018	hwp	token	10	10	
u_extract_data-002051	extract-data	kind	KIND_OK	samples/공정거래위원회/2018/extract-data-002051.hwpx	공정거래위원회	2018	hwpx	date	11	11	
u_extract_data-002052	extract-data	kind	KIND_OK	samples/금융위원회/2018/extract-data-002052.hwp	금융위원회	2018	hwp	amount	0	0	
u_extract_data-002053	extract-data	kind	KIND_OK	samples/통계청/2018/extract-data-002053.hwpx	통계청	2018	hwpx	number	1	1	
u_extract_data-002054	extract-data	kind	KIND_OK	samples/기상청/2018/extract-data-002054.hwp	기상청	2018	hwp	all	2	2	
u_extract_data-002055	extract-data	kind	KIND_OK	samples/관세청/2018/extract-data-002055.hwpx	관세청	2018	hwpx	date	3	3	
u_extract_data-002056	extract-data	kind	COUNT_DRIFT	samples/검찰청/2018/extract-data-002056.hwp	검찰청	2018	hwp	amount	4	5	
u_extract_data-002057	extract-data	kind	KIND_UNKNOWN	samples/경찰청/2018/extract-data-002057.hwpx	경찰청	2018	hwpx	token	5	5	
u_extract_data-002058	extract-data	kind	KIND_OK	samples/소방청/2018/extract-data-002058.hwp	소방청	2018	hwp	date	6	6	
u_extract_data-002059	extract-data	kind	KIND_OK	samples/병무청/2018/extract-data-002059.hwpx	병무청	2018	hwpx	amount	7	7	
u_extract_data-002060	extract-data	kind	KIND_OK	samples/산림청/2018/extract-data-002060.hwp	산림청	2018	hwp	number	8	8	
u_extract_data-002061	extract-data	kind	KIND_OK	samples/중소벤처기업부/2018/extract-data-002061.hwpx	중소벤처기업부	2018	hwpx	all	9	9	
u_extract_data-002062	extract-data	kind	KIND_OK	samples/과학기술정보통신부/2018/extract-data-002062.hwp	과학기술정보통신부	2018	hwp	date	10	10	
u_extract_data-002063	extract-data	kind	COUNT_DRIFT	samples/문화체육관광부/2018/extract-data-002063.hwpx	문화체육관광부	2018	hwpx	amount	11	12	
u_extract_data-002064	extract-data	kind	KIND_UNKNOWN	samples/환경부/2018/extract-data-002064.hwp	환경부	2018	hwp	token	0	0	
u_extract_data-002065	extract-data	kind	KIND_OK	samples/해양수산부/2018/extract-data-002065.hwpx	해양수산부	2018	hwpx	date	1	1	
u_extract_data-002066	extract-data	kind	KIND_OK	samples/서울특별시/2018/extract-data-002066.hwp	서울특별시	2018	hwp	amount	2	2	
u_extract_data-002067	extract-data	kind	KIND_OK	samples/경기도/2018/extract-data-002067.hwpx	경기도	2018	hwpx	number	3	3	
u_extract_data-002068	extract-data	kind	KIND_OK	samples/부산광역시/2018/extract-data-002068.hwp	부산광역시	2018	hwp	all	4	4	
u_extract_data-002069	extract-data	kind	KIND_OK	samples/제주특별자치도/2018/extract-data-002069.hwpx	제주특별자치도	2018	hwpx	date	5	5	
u_extract_data-002070	extract-data	kind	COUNT_DRIFT	samples/법제처/2019/extract-data-002070.hwp	법제처	2019	hwp	amount	6	7	
u_extract_data-002071	extract-data	kind	KIND_UNKNOWN	samples/행정안전부/2019/extract-data-002071.hwpx	행정안전부	2019	hwpx	token	7	7	
u_extract_data-002072	extract-data	kind	KIND_OK	samples/국세청/2019/extract-data-002072.hwp	국세청	2019	hwp	date	8	8	
u_extract_data-002073	extract-data	kind	KIND_OK	samples/대법원/2019/extract-data-002073.hwpx	대법원	2019	hwpx	amount	9	9	
u_extract_data-002074	extract-data	kind	KIND_OK	samples/특허청/2019/extract-data-002074.hwp	특허청	2019	hwp	number	10	10	
u_extract_data-002075	extract-data	kind	KIND_OK	samples/교육부/2019/extract-data-002075.hwpx	교육부	2019	hwpx	all	11	11	
u_extract_data-002076	extract-data	kind	KIND_OK	samples/보건복지부/2019/extract-data-002076.hwp	보건복지부	2019	hwp	date	0	0	
u_extract_data-002077	extract-data	kind	COUNT_DRIFT	samples/국토교통부/2019/extract-data-002077.hwpx	국토교통부	2019	hwpx	amount	1	2	
u_extract_data-002078	extract-data	kind	KIND_UNKNOWN	samples/고용노동부/2019/extract-data-002078.hwp	고용노동부	2019	hwp	token	2	2	
u_extract_data-002079	extract-data	kind	KIND_OK	samples/외교부/2019/extract-data-002079.hwpx	외교부	2019	hwpx	date	3	3	
u_extract_data-002080	extract-data	kind	KIND_OK	samples/기획재정부/2019/extract-data-002080.hwp	기획재정부	2019	hwp	amount	4	4	
u_extract_data-002081	extract-data	kind	KIND_OK	samples/공정거래위원회/2019/extract-data-002081.hwpx	공정거래위원회	2019	hwpx	number	5	5	
u_extract_data-002082	extract-data	kind	KIND_OK	samples/금융위원회/2019/extract-data-002082.hwp	금융위원회	2019	hwp	all	6	6	
u_extract_data-002083	extract-data	kind	KIND_OK	samples/통계청/2019/extract-data-002083.hwpx	통계청	2019	hwpx	date	7	7	
u_extract_data-002084	extract-data	kind	COUNT_DRIFT	samples/기상청/2019/extract-data-002084.hwp	기상청	2019	hwp	amount	8	9	
u_extract_data-002085	extract-data	kind	KIND_UNKNOWN	samples/관세청/2019/extract-data-002085.hwpx	관세청	2019	hwpx	token	9	9	
u_extract_data-002086	extract-data	kind	KIND_OK	samples/검찰청/2019/extract-data-002086.hwp	검찰청	2019	hwp	date	10	10	
u_extract_data-002087	extract-data	kind	KIND_OK	samples/경찰청/2019/extract-data-002087.hwpx	경찰청	2019	hwpx	amount	11	11	
u_extract_data-002088	extract-data	kind	KIND_OK	samples/소방청/2019/extract-data-002088.hwp	소방청	2019	hwp	number	0	0	
u_extract_data-002089	extract-data	kind	KIND_OK	samples/병무청/2019/extract-data-002089.hwpx	병무청	2019	hwpx	all	1	1	
u_extract_data-002090	extract-data	kind	KIND_OK	samples/산림청/2019/extract-data-002090.hwp	산림청	2019	hwp	date	2	2	
u_extract_data-002091	extract-data	kind	COUNT_DRIFT	samples/중소벤처기업부/2019/extract-data-002091.hwpx	중소벤처기업부	2019	hwpx	amount	3	4	
u_extract_data-002092	extract-data	kind	KIND_UNKNOWN	samples/과학기술정보통신부/2019/extract-data-002092.hwp	과학기술정보통신부	2019	hwp	token	4	4	
u_extract_data-002093	extract-data	kind	KIND_OK	samples/문화체육관광부/2019/extract-data-002093.hwpx	문화체육관광부	2019	hwpx	date	5	5	
u_extract_data-002094	extract-data	kind	KIND_OK	samples/환경부/2019/extract-data-002094.hwp	환경부	2019	hwp	amount	6	6	
u_extract_data-002095	extract-data	kind	KIND_OK	samples/해양수산부/2019/extract-data-002095.hwpx	해양수산부	2019	hwpx	number	7	7	
u_extract_data-002096	extract-data	kind	KIND_OK	samples/서울특별시/2019/extract-data-002096.hwp	서울특별시	2019	hwp	all	8	8	
u_extract_data-002097	extract-data	kind	KIND_OK	samples/경기도/2019/extract-data-002097.hwpx	경기도	2019	hwpx	date	9	9	
u_extract_data-002098	extract-data	kind	COUNT_DRIFT	samples/부산광역시/2019/extract-data-002098.hwp	부산광역시	2019	hwp	amount	10	11	
u_extract_data-002099	extract-data	kind	KIND_UNKNOWN	samples/제주특별자치도/2019/extract-data-002099.hwpx	제주특별자치도	2019	hwpx	token	11	11	
u_extract_data-002100	extract-data	kind	KIND_OK	samples/법제처/2020/extract-data-002100.hwp	법제처	2020	hwp	date	0	0	
u_extract_data-002101	extract-data	kind	KIND_OK	samples/행정안전부/2020/extract-data-002101.hwpx	행정안전부	2020	hwpx	amount	1	1	
u_extract_data-002102	extract-data	kind	KIND_OK	samples/국세청/2020/extract-data-002102.hwp	국세청	2020	hwp	number	2	2	
u_extract_data-002103	extract-data	kind	KIND_OK	samples/대법원/2020/extract-data-002103.hwpx	대법원	2020	hwpx	all	3	3	
u_extract_data-002104	extract-data	kind	KIND_OK	samples/특허청/2020/extract-data-002104.hwp	특허청	2020	hwp	date	4	4	
u_extract_data-002105	extract-data	kind	COUNT_DRIFT	samples/교육부/2020/extract-data-002105.hwpx	교육부	2020	hwpx	amount	5	6	
u_extract_data-002106	extract-data	kind	KIND_UNKNOWN	samples/보건복지부/2020/extract-data-002106.hwp	보건복지부	2020	hwp	token	6	6	
u_extract_data-002107	extract-data	kind	KIND_OK	samples/국토교통부/2020/extract-data-002107.hwpx	국토교통부	2020	hwpx	date	7	7	
u_extract_data-002108	extract-data	kind	KIND_OK	samples/고용노동부/2020/extract-data-002108.hwp	고용노동부	2020	hwp	amount	8	8	
u_extract_data-002109	extract-data	kind	KIND_OK	samples/외교부/2020/extract-data-002109.hwpx	외교부	2020	hwpx	number	9	9	
u_extract_data-002110	extract-data	kind	KIND_OK	samples/기획재정부/2020/extract-data-002110.hwp	기획재정부	2020	hwp	all	10	10	
u_extract_data-002111	extract-data	kind	KIND_OK	samples/공정거래위원회/2020/extract-data-002111.hwpx	공정거래위원회	2020	hwpx	date	11	11	
u_extract_data-002112	extract-data	kind	COUNT_DRIFT	samples/금융위원회/2020/extract-data-002112.hwp	금융위원회	2020	hwp	amount	0	1	
u_extract_data-002113	extract-data	kind	KIND_UNKNOWN	samples/통계청/2020/extract-data-002113.hwpx	통계청	2020	hwpx	token	1	1	
u_extract_data-002114	extract-data	kind	KIND_OK	samples/기상청/2020/extract-data-002114.hwp	기상청	2020	hwp	date	2	2	
u_extract_data-002115	extract-data	kind	KIND_OK	samples/관세청/2020/extract-data-002115.hwpx	관세청	2020	hwpx	amount	3	3	
u_extract_data-002116	extract-data	kind	KIND_OK	samples/검찰청/2020/extract-data-002116.hwp	검찰청	2020	hwp	number	4	4	
u_extract_data-002117	extract-data	kind	KIND_OK	samples/경찰청/2020/extract-data-002117.hwpx	경찰청	2020	hwpx	all	5	5	
u_extract_data-002118	extract-data	kind	KIND_OK	samples/소방청/2020/extract-data-002118.hwp	소방청	2020	hwp	date	6	6	
u_extract_data-002119	extract-data	kind	COUNT_DRIFT	samples/병무청/2020/extract-data-002119.hwpx	병무청	2020	hwpx	amount	7	8	
u_extract_data-002120	extract-data	kind	KIND_UNKNOWN	samples/산림청/2020/extract-data-002120.hwp	산림청	2020	hwp	token	8	8	
u_extract_data-002121	extract-data	kind	KIND_OK	samples/중소벤처기업부/2020/extract-data-002121.hwpx	중소벤처기업부	2020	hwpx	date	9	9	
u_extract_data-002122	extract-data	kind	KIND_OK	samples/과학기술정보통신부/2020/extract-data-002122.hwp	과학기술정보통신부	2020	hwp	amount	10	10	
u_extract_data-002123	extract-data	kind	KIND_OK	samples/문화체육관광부/2020/extract-data-002123.hwpx	문화체육관광부	2020	hwpx	number	11	11	
u_extract_data-002124	extract-data	kind	KIND_OK	samples/환경부/2020/extract-data-002124.hwp	환경부	2020	hwp	all	0	0	
u_extract_data-002125	extract-data	kind	KIND_OK	samples/해양수산부/2020/extract-data-002125.hwpx	해양수산부	2020	hwpx	date	1	1	
u_extract_data-002126	extract-data	kind	COUNT_DRIFT	samples/서울특별시/2020/extract-data-002126.hwp	서울특별시	2020	hwp	amount	2	3	
u_extract_data-002127	extract-data	kind	KIND_UNKNOWN	samples/경기도/2020/extract-data-002127.hwpx	경기도	2020	hwpx	token	3	3	
u_extract_data-002128	extract-data	kind	KIND_OK	samples/부산광역시/2020/extract-data-002128.hwp	부산광역시	2020	hwp	date	4	4	
u_extract_data-002129	extract-data	kind	KIND_OK	samples/제주특별자치도/2020/extract-data-002129.hwpx	제주특별자치도	2020	hwpx	amount	5	5	
u_extract_data-002130	extract-data	kind	KIND_OK	samples/법제처/2021/extract-data-002130.hwp	법제처	2021	hwp	number	6	6	
u_extract_data-002131	extract-data	kind	KIND_OK	samples/행정안전부/2021/extract-data-002131.hwpx	행정안전부	2021	hwpx	all	7	7	
u_extract_data-002132	extract-data	kind	KIND_OK	samples/국세청/2021/extract-data-002132.hwp	국세청	2021	hwp	date	8	8	
u_extract_data-002133	extract-data	kind	COUNT_DRIFT	samples/대법원/2021/extract-data-002133.hwpx	대법원	2021	hwpx	amount	9	10	
u_extract_data-002134	extract-data	kind	KIND_UNKNOWN	samples/특허청/2021/extract-data-002134.hwp	특허청	2021	hwp	token	10	10	
u_extract_data-002135	extract-data	kind	KIND_OK	samples/교육부/2021/extract-data-002135.hwpx	교육부	2021	hwpx	date	11	11	
u_extract_data-002136	extract-data	kind	KIND_OK	samples/보건복지부/2021/extract-data-002136.hwp	보건복지부	2021	hwp	amount	0	0	
u_extract_data-002137	extract-data	kind	KIND_OK	samples/국토교통부/2021/extract-data-002137.hwpx	국토교통부	2021	hwpx	number	1	1	
u_extract_data-002138	extract-data	kind	KIND_OK	samples/고용노동부/2021/extract-data-002138.hwp	고용노동부	2021	hwp	all	2	2	
u_extract_data-002139	extract-data	kind	KIND_OK	samples/외교부/2021/extract-data-002139.hwpx	외교부	2021	hwpx	date	3	3	
u_extract_data-002140	extract-data	kind	COUNT_DRIFT	samples/기획재정부/2021/extract-data-002140.hwp	기획재정부	2021	hwp	amount	4	5	
u_extract_data-002141	extract-data	kind	KIND_UNKNOWN	samples/공정거래위원회/2021/extract-data-002141.hwpx	공정거래위원회	2021	hwpx	token	5	5	
u_extract_data-002142	extract-data	kind	KIND_OK	samples/금융위원회/2021/extract-data-002142.hwp	금융위원회	2021	hwp	date	6	6	
u_extract_data-002143	extract-data	kind	KIND_OK	samples/통계청/2021/extract-data-002143.hwpx	통계청	2021	hwpx	amount	7	7	
u_extract_data-002144	extract-data	kind	KIND_OK	samples/기상청/2021/extract-data-002144.hwp	기상청	2021	hwp	number	8	8	
u_extract_data-002145	extract-data	kind	KIND_OK	samples/관세청/2021/extract-data-002145.hwpx	관세청	2021	hwpx	all	9	9	
u_extract_data-002146	extract-data	kind	KIND_OK	samples/검찰청/2021/extract-data-002146.hwp	검찰청	2021	hwp	date	10	10	
u_extract_data-002147	extract-data	kind	COUNT_DRIFT	samples/경찰청/2021/extract-data-002147.hwpx	경찰청	2021	hwpx	amount	11	12	
u_extract_data-002148	extract-data	kind	KIND_UNKNOWN	samples/소방청/2021/extract-data-002148.hwp	소방청	2021	hwp	token	0	0	
u_extract_data-002149	extract-data	kind	KIND_OK	samples/병무청/2021/extract-data-002149.hwpx	병무청	2021	hwpx	date	1	1	
u_extract_data-002150	extract-data	kind	KIND_OK	samples/산림청/2021/extract-data-002150.hwp	산림청	2021	hwp	amount	2	2	
u_extract_data-002151	extract-data	kind	KIND_OK	samples/중소벤처기업부/2021/extract-data-002151.hwpx	중소벤처기업부	2021	hwpx	number	3	3	
u_extract_data-002152	extract-data	kind	KIND_OK	samples/과학기술정보통신부/2021/extract-data-002152.hwp	과학기술정보통신부	2021	hwp	all	4	4	
u_extract_data-002153	extract-data	kind	KIND_OK	samples/문화체육관광부/2021/extract-data-002153.hwpx	문화체육관광부	2021	hwpx	date	5	5	
u_extract_data-002154	extract-data	kind	COUNT_DRIFT	samples/환경부/2021/extract-data-002154.hwp	환경부	2021	hwp	amount	6	7	
u_extract_data-002155	extract-data	kind	KIND_UNKNOWN	samples/해양수산부/2021/extract-data-002155.hwpx	해양수산부	2021	hwpx	token	7	7	
u_extract_data-002156	extract-data	kind	KIND_OK	samples/서울특별시/2021/extract-data-002156.hwp	서울특별시	2021	hwp	date	8	8	
u_extract_data-002157	extract-data	kind	KIND_OK	samples/경기도/2021/extract-data-002157.hwpx	경기도	2021	hwpx	amount	9	9	
u_extract_data-002158	extract-data	kind	KIND_OK	samples/부산광역시/2021/extract-data-002158.hwp	부산광역시	2021	hwp	number	10	10	
u_extract_data-002159	extract-data	kind	KIND_OK	samples/제주특별자치도/2021/extract-data-002159.hwpx	제주특별자치도	2021	hwpx	all	11	11	
u_extract_data-002160	extract-data	kind	KIND_OK	samples/법제처/2022/extract-data-002160.hwp	법제처	2022	hwp	date	0	0	
u_extract_data-002161	extract-data	kind	COUNT_DRIFT	samples/행정안전부/2022/extract-data-002161.hwpx	행정안전부	2022	hwpx	amount	1	2	
u_extract_data-002162	extract-data	kind	KIND_UNKNOWN	samples/국세청/2022/extract-data-002162.hwp	국세청	2022	hwp	token	2	2	
u_extract_data-002163	extract-data	kind	KIND_OK	samples/대법원/2022/extract-data-002163.hwpx	대법원	2022	hwpx	date	3	3	
u_extract_data-002164	extract-data	kind	KIND_OK	samples/특허청/2022/extract-data-002164.hwp	특허청	2022	hwp	amount	4	4	
u_extract_data-002165	extract-data	kind	KIND_OK	samples/교육부/2022/extract-data-002165.hwpx	교육부	2022	hwpx	number	5	5	
u_extract_data-002166	extract-data	kind	KIND_OK	samples/보건복지부/2022/extract-data-002166.hwp	보건복지부	2022	hwp	all	6	6	
u_extract_data-002167	extract-data	kind	KIND_OK	samples/국토교통부/2022/extract-data-002167.hwpx	국토교통부	2022	hwpx	date	7	7	
u_extract_data-002168	extract-data	kind	COUNT_DRIFT	samples/고용노동부/2022/extract-data-002168.hwp	고용노동부	2022	hwp	amount	8	9	
u_extract_data-002169	extract-data	kind	KIND_UNKNOWN	samples/외교부/2022/extract-data-002169.hwpx	외교부	2022	hwpx	token	9	9	
u_extract_data-002170	extract-data	kind	KIND_OK	samples/기획재정부/2022/extract-data-002170.hwp	기획재정부	2022	hwp	date	10	10	
u_extract_data-002171	extract-data	kind	KIND_OK	samples/공정거래위원회/2022/extract-data-002171.hwpx	공정거래위원회	2022	hwpx	amount	11	11	
u_extract_data-002172	extract-data	kind	KIND_OK	samples/금융위원회/2022/extract-data-002172.hwp	금융위원회	2022	hwp	number	0	0	
u_extract_data-002173	extract-data	kind	KIND_OK	samples/통계청/2022/extract-data-002173.hwpx	통계청	2022	hwpx	all	1	1	
u_extract_data-002174	extract-data	kind	KIND_OK	samples/기상청/2022/extract-data-002174.hwp	기상청	2022	hwp	date	2	2	
u_extract_data-002175	extract-data	kind	COUNT_DRIFT	samples/관세청/2022/extract-data-002175.hwpx	관세청	2022	hwpx	amount	3	4	
u_extract_data-002176	extract-data	kind	KIND_UNKNOWN	samples/검찰청/2022/extract-data-002176.hwp	검찰청	2022	hwp	token	4	4	
u_extract_data-002177	extract-data	kind	KIND_OK	samples/경찰청/2022/extract-data-002177.hwpx	경찰청	2022	hwpx	date	5	5	
u_extract_data-002178	extract-data	kind	KIND_OK	samples/소방청/2022/extract-data-002178.hwp	소방청	2022	hwp	amount	6	6	
u_extract_data-002179	extract-data	kind	KIND_OK	samples/병무청/2022/extract-data-002179.hwpx	병무청	2022	hwpx	number	7	7	
u_extract_data-002180	extract-data	kind	KIND_OK	samples/산림청/2022/extract-data-002180.hwp	산림청	2022	hwp	all	8	8	
u_extract_data-002181	extract-data	kind	KIND_OK	samples/중소벤처기업부/2022/extract-data-002181.hwpx	중소벤처기업부	2022	hwpx	date	9	9	
u_extract_data-002182	extract-data	kind	COUNT_DRIFT	samples/과학기술정보통신부/2022/extract-data-002182.hwp	과학기술정보통신부	2022	hwp	amount	10	11	
u_extract_data-002183	extract-data	kind	KIND_UNKNOWN	samples/문화체육관광부/2022/extract-data-002183.hwpx	문화체육관광부	2022	hwpx	token	11	11	
u_extract_data-002184	extract-data	kind	KIND_OK	samples/환경부/2022/extract-data-002184.hwp	환경부	2022	hwp	date	0	0	
u_extract_data-002185	extract-data	kind	KIND_OK	samples/해양수산부/2022/extract-data-002185.hwpx	해양수산부	2022	hwpx	amount	1	1	
u_extract_data-002186	extract-data	kind	KIND_OK	samples/서울특별시/2022/extract-data-002186.hwp	서울특별시	2022	hwp	number	2	2	
u_extract_data-002187	extract-data	kind	KIND_OK	samples/경기도/2022/extract-data-002187.hwpx	경기도	2022	hwpx	all	3	3	
u_extract_data-002188	extract-data	kind	KIND_OK	samples/부산광역시/2022/extract-data-002188.hwp	부산광역시	2022	hwp	date	4	4	
u_extract_data-002189	extract-data	kind	COUNT_DRIFT	samples/제주특별자치도/2022/extract-data-002189.hwpx	제주특별자치도	2022	hwpx	amount	5	6	
u_extract_data-002190	extract-data	kind	KIND_UNKNOWN	samples/법제처/2023/extract-data-002190.hwp	법제처	2023	hwp	token	6	6	
u_extract_data-002191	extract-data	kind	KIND_OK	samples/행정안전부/2023/extract-data-002191.hwpx	행정안전부	2023	hwpx	date	7	7	
u_extract_data-002192	extract-data	kind	KIND_OK	samples/국세청/2023/extract-data-002192.hwp	국세청	2023	hwp	amount	8	8	
u_extract_data-002193	extract-data	kind	KIND_OK	samples/대법원/2023/extract-data-002193.hwpx	대법원	2023	hwpx	number	9	9	
u_extract_data-002194	extract-data	kind	KIND_OK	samples/특허청/2023/extract-data-002194.hwp	특허청	2023	hwp	all	10	10	
u_extract_data-002195	extract-data	kind	KIND_OK	samples/교육부/2023/extract-data-002195.hwpx	교육부	2023	hwpx	date	11	11	
u_extract_data-002196	extract-data	kind	COUNT_DRIFT	samples/보건복지부/2023/extract-data-002196.hwp	보건복지부	2023	hwp	amount	0	1	
u_extract_data-002197	extract-data	kind	KIND_UNKNOWN	samples/국토교통부/2023/extract-data-002197.hwpx	국토교통부	2023	hwpx	token	1	1	
u_extract_data-002198	extract-data	kind	KIND_OK	samples/고용노동부/2023/extract-data-002198.hwp	고용노동부	2023	hwp	date	2	2	
u_extract_data-002199	extract-data	kind	KIND_OK	samples/외교부/2023/extract-data-002199.hwpx	외교부	2023	hwpx	amount	3	3	
u_extract_data-002200	extract-data	kind	KIND_OK	samples/기획재정부/2023/extract-data-002200.hwp	기획재정부	2023	hwp	number	4	4	
u_extract_data-002201	extract-data	kind	KIND_OK	samples/공정거래위원회/2023/extract-data-002201.hwpx	공정거래위원회	2023	hwpx	all	5	5	
u_extract_data-002202	extract-data	kind	KIND_OK	samples/금융위원회/2023/extract-data-002202.hwp	금융위원회	2023	hwp	date	6	6	
u_extract_data-002203	extract-data	kind	COUNT_DRIFT	samples/통계청/2023/extract-data-002203.hwpx	통계청	2023	hwpx	amount	7	8	
u_extract_data-002204	extract-data	kind	KIND_UNKNOWN	samples/기상청/2023/extract-data-002204.hwp	기상청	2023	hwp	token	8	8	
u_extract_data-002205	extract-data	kind	KIND_OK	samples/관세청/2023/extract-data-002205.hwpx	관세청	2023	hwpx	date	9	9	
u_extract_data-002206	extract-data	kind	KIND_OK	samples/검찰청/2023/extract-data-002206.hwp	검찰청	2023	hwp	amount	10	10	
u_extract_data-002207	extract-data	kind	KIND_OK	samples/경찰청/2023/extract-data-002207.hwpx	경찰청	2023	hwpx	number	11	11	
u_extract_data-002208	extract-data	kind	KIND_OK	samples/소방청/2023/extract-data-002208.hwp	소방청	2023	hwp	all	0	0	
u_extract_data-002209	extract-data	kind	KIND_OK	samples/병무청/2023/extract-data-002209.hwpx	병무청	2023	hwpx	date	1	1	
u_extract_data-002210	extract-data	kind	COUNT_DRIFT	samples/산림청/2023/extract-data-002210.hwp	산림청	2023	hwp	amount	2	3	
u_extract_data-002211	extract-data	kind	KIND_UNKNOWN	samples/중소벤처기업부/2023/extract-data-002211.hwpx	중소벤처기업부	2023	hwpx	token	3	3	
u_extract_data-002212	extract-data	kind	KIND_OK	samples/과학기술정보통신부/2023/extract-data-002212.hwp	과학기술정보통신부	2023	hwp	date	4	4	
u_extract_data-002213	extract-data	kind	KIND_OK	samples/문화체육관광부/2023/extract-data-002213.hwpx	문화체육관광부	2023	hwpx	amount	5	5	
u_extract_data-002214	extract-data	kind	KIND_OK	samples/환경부/2023/extract-data-002214.hwp	환경부	2023	hwp	number	6	6	
u_extract_data-002215	extract-data	kind	KIND_OK	samples/해양수산부/2023/extract-data-002215.hwpx	해양수산부	2023	hwpx	all	7	7	
u_extract_data-002216	extract-data	kind	KIND_OK	samples/서울특별시/2023/extract-data-002216.hwp	서울특별시	2023	hwp	date	8	8	
u_extract_data-002217	extract-data	kind	COUNT_DRIFT	samples/경기도/2023/extract-data-002217.hwpx	경기도	2023	hwpx	amount	9	10	
u_extract_data-002218	extract-data	kind	KIND_UNKNOWN	samples/부산광역시/2023/extract-data-002218.hwp	부산광역시	2023	hwp	token	10	10	
u_extract_data-002219	extract-data	kind	KIND_OK	samples/제주특별자치도/2023/extract-data-002219.hwpx	제주특별자치도	2023	hwpx	date	11	11	
u_extract_data-002220	extract-data	kind	KIND_OK	samples/법제처/2024/extract-data-002220.hwp	법제처	2024	hwp	amount	0	0	
u_extract_data-002221	extract-data	kind	KIND_OK	samples/행정안전부/2024/extract-data-002221.hwpx	행정안전부	2024	hwpx	number	1	1	
u_extract_data-002222	extract-data	kind	KIND_OK	samples/국세청/2024/extract-data-002222.hwp	국세청	2024	hwp	all	2	2	
u_extract_data-002223	extract-data	kind	KIND_OK	samples/대법원/2024/extract-data-002223.hwpx	대법원	2024	hwpx	date	3	3	
u_extract_data-002224	extract-data	kind	COUNT_DRIFT	samples/특허청/2024/extract-data-002224.hwp	특허청	2024	hwp	amount	4	5	
u_extract_data-002225	extract-data	kind	KIND_UNKNOWN	samples/교육부/2024/extract-data-002225.hwpx	교육부	2024	hwpx	token	5	5	
u_extract_data-002226	extract-data	kind	KIND_OK	samples/보건복지부/2024/extract-data-002226.hwp	보건복지부	2024	hwp	date	6	6	
u_extract_data-002227	extract-data	kind	KIND_OK	samples/국토교통부/2024/extract-data-002227.hwpx	국토교통부	2024	hwpx	amount	7	7	
u_extract_data-002228	extract-data	kind	KIND_OK	samples/고용노동부/2024/extract-data-002228.hwp	고용노동부	2024	hwp	number	8	8	
u_extract_data-002229	extract-data	kind	KIND_OK	samples/외교부/2024/extract-data-002229.hwpx	외교부	2024	hwpx	all	9	9	
u_extract_data-002230	extract-data	kind	KIND_OK	samples/기획재정부/2024/extract-data-002230.hwp	기획재정부	2024	hwp	date	10	10	
u_extract_data-002231	extract-data	kind	COUNT_DRIFT	samples/공정거래위원회/2024/extract-data-002231.hwpx	공정거래위원회	2024	hwpx	amount	11	12	
u_extract_data-002232	extract-data	kind	KIND_UNKNOWN	samples/금융위원회/2024/extract-data-002232.hwp	금융위원회	2024	hwp	token	0	0	
u_extract_data-002233	extract-data	kind	KIND_OK	samples/통계청/2024/extract-data-002233.hwpx	통계청	2024	hwpx	date	1	1	
u_extract_data-002234	extract-data	kind	KIND_OK	samples/기상청/2024/extract-data-002234.hwp	기상청	2024	hwp	amount	2	2	
u_extract_data-002235	extract-data	kind	KIND_OK	samples/관세청/2024/extract-data-002235.hwpx	관세청	2024	hwpx	number	3	3	
u_extract_data-002236	extract-data	kind	KIND_OK	samples/검찰청/2024/extract-data-002236.hwp	검찰청	2024	hwp	all	4	4	
u_extract_data-002237	extract-data	kind	KIND_OK	samples/경찰청/2024/extract-data-002237.hwpx	경찰청	2024	hwpx	date	5	5	
u_extract_data-002238	extract-data	kind	COUNT_DRIFT	samples/소방청/2024/extract-data-002238.hwp	소방청	2024	hwp	amount	6	7	
u_extract_data-002239	extract-data	kind	KIND_UNKNOWN	samples/병무청/2024/extract-data-002239.hwpx	병무청	2024	hwpx	token	7	7	
u_extract_data-002240	extract-data	kind	KIND_OK	samples/산림청/2024/extract-data-002240.hwp	산림청	2024	hwp	date	8	8	
u_extract_data-002241	extract-data	kind	KIND_OK	samples/중소벤처기업부/2024/extract-data-002241.hwpx	중소벤처기업부	2024	hwpx	amount	9	9	
u_extract_data-002242	extract-data	kind	KIND_OK	samples/과학기술정보통신부/2024/extract-data-002242.hwp	과학기술정보통신부	2024	hwp	number	10	10	
u_extract_data-002243	extract-data	kind	KIND_OK	samples/문화체육관광부/2024/extract-data-002243.hwpx	문화체육관광부	2024	hwpx	all	11	11	
u_extract_data-002244	extract-data	kind	KIND_OK	samples/환경부/2024/extract-data-002244.hwp	환경부	2024	hwp	date	0	0	
u_extract_data-002245	extract-data	kind	COUNT_DRIFT	samples/해양수산부/2024/extract-data-002245.hwpx	해양수산부	2024	hwpx	amount	1	2	
u_extract_data-002246	extract-data	kind	KIND_UNKNOWN	samples/서울특별시/2024/extract-data-002246.hwp	서울특별시	2024	hwp	token	2	2	
u_extract_data-002247	extract-data	kind	KIND_OK	samples/경기도/2024/extract-data-002247.hwpx	경기도	2024	hwpx	date	3	3	
u_extract_data-002248	extract-data	kind	KIND_OK	samples/부산광역시/2024/extract-data-002248.hwp	부산광역시	2024	hwp	amount	4	4	
u_extract_data-002249	extract-data	kind	KIND_OK	samples/제주특별자치도/2024/extract-data-002249.hwpx	제주특별자치도	2024	hwpx	number	5	5	
u_extract_data-002250	extract-data	kind	KIND_OK	samples/법제처/2025/extract-data-002250.hwp	법제처	2025	hwp	all	6	6	
u_extract_data-002251	extract-data	kind	KIND_OK	samples/행정안전부/2025/extract-data-002251.hwpx	행정안전부	2025	hwpx	date	7	7	
u_extract_data-002252	extract-data	kind	COUNT_DRIFT	samples/국세청/2025/extract-data-002252.hwp	국세청	2025	hwp	amount	8	9	
u_extract_data-002253	extract-data	kind	KIND_UNKNOWN	samples/대법원/2025/extract-data-002253.hwpx	대법원	2025	hwpx	token	9	9	
u_extract_data-002254	extract-data	kind	KIND_OK	samples/특허청/2025/extract-data-002254.hwp	특허청	2025	hwp	date	10	10	
u_extract_data-002255	extract-data	kind	KIND_OK	samples/교육부/2025/extract-data-002255.hwpx	교육부	2025	hwpx	amount	11	11	
u_extract_data-002256	extract-data	kind	KIND_OK	samples/보건복지부/2025/extract-data-002256.hwp	보건복지부	2025	hwp	number	0	0	
u_extract_data-002257	extract-data	kind	KIND_OK	samples/국토교통부/2025/extract-data-002257.hwpx	국토교통부	2025	hwpx	all	1	1	
u_extract_data-002258	extract-data	kind	KIND_OK	samples/고용노동부/2025/extract-data-002258.hwp	고용노동부	2025	hwp	date	2	2	
u_extract_data-002259	extract-data	kind	COUNT_DRIFT	samples/외교부/2025/extract-data-002259.hwpx	외교부	2025	hwpx	amount	3	4	
u_extract_data-002260	extract-data	kind	KIND_UNKNOWN	samples/기획재정부/2025/extract-data-002260.hwp	기획재정부	2025	hwp	token	4	4	
u_extract_data-002261	extract-data	kind	KIND_OK	samples/공정거래위원회/2025/extract-data-002261.hwpx	공정거래위원회	2025	hwpx	date	5	5	
u_extract_data-002262	extract-data	kind	KIND_OK	samples/금융위원회/2025/extract-data-002262.hwp	금융위원회	2025	hwp	amount	6	6	
u_extract_data-002263	extract-data	kind	KIND_OK	samples/통계청/2025/extract-data-002263.hwpx	통계청	2025	hwpx	number	7	7	
u_extract_data-002264	extract-data	kind	KIND_OK	samples/기상청/2025/extract-data-002264.hwp	기상청	2025	hwp	all	8	8	
u_extract_data-002265	extract-data	kind	KIND_OK	samples/관세청/2025/extract-data-002265.hwpx	관세청	2025	hwpx	date	9	9	
u_extract_data-002266	extract-data	kind	COUNT_DRIFT	samples/검찰청/2025/extract-data-002266.hwp	검찰청	2025	hwp	amount	10	11	
u_extract_data-002267	extract-data	kind	KIND_UNKNOWN	samples/경찰청/2025/extract-data-002267.hwpx	경찰청	2025	hwpx	token	11	11	
u_extract_data-002268	extract-data	kind	KIND_OK	samples/소방청/2025/extract-data-002268.hwp	소방청	2025	hwp	date	0	0	
u_extract_data-002269	extract-data	kind	KIND_OK	samples/병무청/2025/extract-data-002269.hwpx	병무청	2025	hwpx	amount	1	1	
u_extract_data-002270	extract-data	kind	KIND_OK	samples/산림청/2025/extract-data-002270.hwp	산림청	2025	hwp	number	2	2	
u_extract_data-002271	extract-data	kind	KIND_OK	samples/중소벤처기업부/2025/extract-data-002271.hwpx	중소벤처기업부	2025	hwpx	all	3	3	
u_extract_data-002272	extract-data	kind	KIND_OK	samples/과학기술정보통신부/2025/extract-data-002272.hwp	과학기술정보통신부	2025	hwp	date	4	4	
u_extract_data-002273	extract-data	kind	COUNT_DRIFT	samples/문화체육관광부/2025/extract-data-002273.hwpx	문화체육관광부	2025	hwpx	amount	5	6	
u_extract_data-002274	extract-data	kind	KIND_UNKNOWN	samples/환경부/2025/extract-data-002274.hwp	환경부	2025	hwp	token	6	6	
u_extract_data-002275	extract-data	kind	KIND_OK	samples/해양수산부/2025/extract-data-002275.hwpx	해양수산부	2025	hwpx	date	7	7	
u_extract_data-002276	extract-data	kind	KIND_OK	samples/서울특별시/2025/extract-data-002276.hwp	서울특별시	2025	hwp	amount	8	8	
u_extract_data-002277	extract-data	kind	KIND_OK	samples/경기도/2025/extract-data-002277.hwpx	경기도	2025	hwpx	number	9	9	
u_extract_data-002278	extract-data	kind	KIND_OK	samples/부산광역시/2025/extract-data-002278.hwp	부산광역시	2025	hwp	all	10	10	
u_extract_data-002279	extract-data	kind	KIND_OK	samples/제주특별자치도/2025/extract-data-002279.hwpx	제주특별자치도	2025	hwpx	date	11	11	
u_extract_data-002280	extract-data	kind	COUNT_DRIFT	samples/법제처/2026/extract-data-002280.hwp	법제처	2026	hwp	amount	0	1	
u_extract_data-002281	extract-data	kind	KIND_UNKNOWN	samples/행정안전부/2026/extract-data-002281.hwpx	행정안전부	2026	hwpx	token	1	1	
u_extract_data-002282	extract-data	kind	KIND_OK	samples/국세청/2026/extract-data-002282.hwp	국세청	2026	hwp	date	2	2	
u_extract_data-002283	extract-data	kind	KIND_OK	samples/대법원/2026/extract-data-002283.hwpx	대법원	2026	hwpx	amount	3	3	
u_extract_data-002284	extract-data	kind	KIND_OK	samples/특허청/2026/extract-data-002284.hwp	특허청	2026	hwp	number	4	4	
u_extract_data-002285	extract-data	kind	KIND_OK	samples/교육부/2026/extract-data-002285.hwpx	교육부	2026	hwpx	all	5	5	
u_extract_data-002286	extract-data	kind	KIND_OK	samples/보건복지부/2026/extract-data-002286.hwp	보건복지부	2026	hwp	date	6	6	
u_extract_data-002287	extract-data	kind	COUNT_DRIFT	samples/국토교통부/2026/extract-data-002287.hwpx	국토교통부	2026	hwpx	amount	7	8	
u_extract_data-002288	extract-data	kind	KIND_UNKNOWN	samples/고용노동부/2026/extract-data-002288.hwp	고용노동부	2026	hwp	token	8	8	
u_extract_data-002289	extract-data	kind	KIND_OK	samples/외교부/2026/extract-data-002289.hwpx	외교부	2026	hwpx	date	9	9	
u_extract_data-002290	extract-data	kind	KIND_OK	samples/기획재정부/2026/extract-data-002290.hwp	기획재정부	2026	hwp	amount	10	10	
u_extract_data-002291	extract-data	kind	KIND_OK	samples/공정거래위원회/2026/extract-data-002291.hwpx	공정거래위원회	2026	hwpx	number	11	11	
u_extract_data-002292	extract-data	kind	KIND_OK	samples/금융위원회/2026/extract-data-002292.hwp	금융위원회	2026	hwp	all	0	0	
u_extract_data-002293	extract-data	kind	KIND_OK	samples/통계청/2026/extract-data-002293.hwpx	통계청	2026	hwpx	date	1	1	
u_extract_data-002294	extract-data	kind	COUNT_DRIFT	samples/기상청/2026/extract-data-002294.hwp	기상청	2026	hwp	amount	2	3	
u_extract_data-002295	extract-data	kind	KIND_UNKNOWN	samples/관세청/2026/extract-data-002295.hwpx	관세청	2026	hwpx	token	3	3	
u_extract_data-002296	extract-data	kind	KIND_OK	samples/검찰청/2026/extract-data-002296.hwp	검찰청	2026	hwp	date	4	4	
u_extract_data-002297	extract-data	kind	KIND_OK	samples/경찰청/2026/extract-data-002297.hwpx	경찰청	2026	hwpx	amount	5	5	
u_extract_data-002298	extract-data	kind	KIND_OK	samples/소방청/2026/extract-data-002298.hwp	소방청	2026	hwp	number	6	6	
u_extract_data-002299	extract-data	kind	KIND_OK	samples/병무청/2026/extract-data-002299.hwpx	병무청	2026	hwpx	all	7	7	
u_extract_data-002300	extract-data	kind	KIND_OK	samples/산림청/2026/extract-data-002300.hwp	산림청	2026	hwp	date	8	8	
u_extract_data-002301	extract-data	kind	COUNT_DRIFT	samples/중소벤처기업부/2026/extract-data-002301.hwpx	중소벤처기업부	2026	hwpx	amount	9	10	
u_extract_data-002302	extract-data	kind	KIND_UNKNOWN	samples/과학기술정보통신부/2026/extract-data-002302.hwp	과학기술정보통신부	2026	hwp	token	10	10	
u_extract_data-002303	extract-data	kind	KIND_OK	samples/문화체육관광부/2026/extract-data-002303.hwpx	문화체육관광부	2026	hwpx	date	11	11	
u_extract_data-002304	extract-data	kind	KIND_OK	samples/환경부/2026/extract-data-002304.hwp	환경부	2026	hwp	amount	0	0	
u_extract_data-002305	extract-data	kind	KIND_OK	samples/해양수산부/2026/extract-data-002305.hwpx	해양수산부	2026	hwpx	number	1	1	
u_extract_data-002306	extract-data	kind	KIND_OK	samples/서울특별시/2026/extract-data-002306.hwp	서울특별시	2026	hwp	all	2	2	
u_extract_data-002307	extract-data	kind	KIND_OK	samples/경기도/2026/extract-data-002307.hwpx	경기도	2026	hwpx	date	3	3	
u_extract_data-002308	extract-data	kind	COUNT_DRIFT	samples/부산광역시/2026/extract-data-002308.hwp	부산광역시	2026	hwp	amount	4	5	
u_extract_data-002309	extract-data	kind	KIND_UNKNOWN	samples/제주특별자치도/2026/extract-data-002309.hwpx	제주특별자치도	2026	hwpx	token	5	5	
u_extract_data-002310	extract-data	kind	KIND_OK	samples/법제처/2016/extract-data-002310.hwp	법제처	2016	hwp	date	6	6	
u_extract_data-002311	extract-data	kind	KIND_OK	samples/행정안전부/2016/extract-data-002311.hwpx	행정안전부	2016	hwpx	amount	7	7	
u_extract_data-002312	extract-data	kind	KIND_OK	samples/국세청/2016/extract-data-002312.hwp	국세청	2016	hwp	number	8	8	
u_extract_data-002313	extract-data	kind	KIND_OK	samples/대법원/2016/extract-data-002313.hwpx	대법원	2016	hwpx	all	9	9	
u_extract_data-002314	extract-data	kind	KIND_OK	samples/특허청/2016/extract-data-002314.hwp	특허청	2016	hwp	date	10	10	
u_extract_data-002315	extract-data	kind	COUNT_DRIFT	samples/교육부/2016/extract-data-002315.hwpx	교육부	2016	hwpx	amount	11	12	
u_extract_data-002316	extract-data	kind	KIND_UNKNOWN	samples/보건복지부/2016/extract-data-002316.hwp	보건복지부	2016	hwp	token	0	0	
u_extract_data-002317	extract-data	kind	KIND_OK	samples/국토교통부/2016/extract-data-002317.hwpx	국토교통부	2016	hwpx	date	1	1	
u_extract_data-002318	extract-data	kind	KIND_OK	samples/고용노동부/2016/extract-data-002318.hwp	고용노동부	2016	hwp	amount	2	2	
u_extract_data-002319	extract-data	kind	KIND_OK	samples/외교부/2016/extract-data-002319.hwpx	외교부	2016	hwpx	number	3	3	
u_extract_data-002320	extract-data	kind	KIND_OK	samples/기획재정부/2016/extract-data-002320.hwp	기획재정부	2016	hwp	all	4	4	
u_extract_data-002321	extract-data	kind	KIND_OK	samples/공정거래위원회/2016/extract-data-002321.hwpx	공정거래위원회	2016	hwpx	date	5	5	
u_extract_data-002322	extract-data	kind	COUNT_DRIFT	samples/금융위원회/2016/extract-data-002322.hwp	금융위원회	2016	hwp	amount	6	7	
u_extract_data-002323	extract-data	kind	KIND_UNKNOWN	samples/통계청/2016/extract-data-002323.hwpx	통계청	2016	hwpx	token	7	7	
u_extract_data-002324	extract-data	kind	KIND_OK	samples/기상청/2016/extract-data-002324.hwp	기상청	2016	hwp	date	8	8	
u_extract_data-002325	extract-data	kind	KIND_OK	samples/관세청/2016/extract-data-002325.hwpx	관세청	2016	hwpx	amount	9	9	
u_extract_data-002326	extract-data	kind	KIND_OK	samples/검찰청/2016/extract-data-002326.hwp	검찰청	2016	hwp	number	10	10	
u_extract_data-002327	extract-data	kind	KIND_OK	samples/경찰청/2016/extract-data-002327.hwpx	경찰청	2016	hwpx	all	11	11	
u_extract_data-002328	extract-data	kind	KIND_OK	samples/소방청/2016/extract-data-002328.hwp	소방청	2016	hwp	date	0	0	
u_extract_data-002329	extract-data	kind	COUNT_DRIFT	samples/병무청/2016/extract-data-002329.hwpx	병무청	2016	hwpx	amount	1	2	
u_extract_data-002330	extract-data	kind	KIND_UNKNOWN	samples/산림청/2016/extract-data-002330.hwp	산림청	2016	hwp	token	2	2	
u_extract_data-002331	extract-data	kind	KIND_OK	samples/중소벤처기업부/2016/extract-data-002331.hwpx	중소벤처기업부	2016	hwpx	date	3	3	
u_extract_data-002332	extract-data	kind	KIND_OK	samples/과학기술정보통신부/2016/extract-data-002332.hwp	과학기술정보통신부	2016	hwp	amount	4	4	
u_extract_data-002333	extract-data	kind	KIND_OK	samples/문화체육관광부/2016/extract-data-002333.hwpx	문화체육관광부	2016	hwpx	number	5	5	
u_extract_data-002334	extract-data	kind	KIND_OK	samples/환경부/2016/extract-data-002334.hwp	환경부	2016	hwp	all	6	6	
u_extract_data-002335	extract-data	kind	KIND_OK	samples/해양수산부/2016/extract-data-002335.hwpx	해양수산부	2016	hwpx	date	7	7	
u_extract_data-002336	extract-data	kind	COUNT_DRIFT	samples/서울특별시/2016/extract-data-002336.hwp	서울특별시	2016	hwp	amount	8	9	
u_extract_data-002337	extract-data	kind	KIND_UNKNOWN	samples/경기도/2016/extract-data-002337.hwpx	경기도	2016	hwpx	token	9	9	
u_extract_data-002338	extract-data	kind	KIND_OK	samples/부산광역시/2016/extract-data-002338.hwp	부산광역시	2016	hwp	date	10	10	
u_extract_data-002339	extract-data	kind	KIND_OK	samples/제주특별자치도/2016/extract-data-002339.hwpx	제주특별자치도	2016	hwpx	amount	11	11	
u_extract_data-002340	extract-data	kind	KIND_OK	samples/법제처/2017/extract-data-002340.hwp	법제처	2017	hwp	number	0	0	
u_extract_data-002341	extract-data	kind	KIND_OK	samples/행정안전부/2017/extract-data-002341.hwpx	행정안전부	2017	hwpx	all	1	1	
u_extract_data-002342	extract-data	kind	KIND_OK	samples/국세청/2017/extract-data-002342.hwp	국세청	2017	hwp	date	2	2	
u_extract_data-002343	extract-data	kind	COUNT_DRIFT	samples/대법원/2017/extract-data-002343.hwpx	대법원	2017	hwpx	amount	3	4	
u_extract_data-002344	extract-data	kind	KIND_UNKNOWN	samples/특허청/2017/extract-data-002344.hwp	특허청	2017	hwp	token	4	4	
u_extract_data-002345	extract-data	kind	KIND_OK	samples/교육부/2017/extract-data-002345.hwpx	교육부	2017	hwpx	date	5	5	
u_extract_data-002346	extract-data	kind	KIND_OK	samples/보건복지부/2017/extract-data-002346.hwp	보건복지부	2017	hwp	amount	6	6	
u_extract_data-002347	extract-data	kind	KIND_OK	samples/국토교통부/2017/extract-data-002347.hwpx	국토교통부	2017	hwpx	number	7	7	
u_extract_data-002348	extract-data	kind	KIND_OK	samples/고용노동부/2017/extract-data-002348.hwp	고용노동부	2017	hwp	all	8	8	
u_extract_data-002349	extract-data	kind	KIND_OK	samples/외교부/2017/extract-data-002349.hwpx	외교부	2017	hwpx	date	9	9	
u_extract_data-002350	extract-data	kind	COUNT_DRIFT	samples/기획재정부/2017/extract-data-002350.hwp	기획재정부	2017	hwp	amount	10	11	
u_extract_data-002351	extract-data	kind	KIND_UNKNOWN	samples/공정거래위원회/2017/extract-data-002351.hwpx	공정거래위원회	2017	hwpx	token	11	11	
u_extract_data-002352	extract-data	kind	KIND_OK	samples/금융위원회/2017/extract-data-002352.hwp	금융위원회	2017	hwp	date	0	0	
u_extract_data-002353	extract-data	kind	KIND_OK	samples/통계청/2017/extract-data-002353.hwpx	통계청	2017	hwpx	amount	1	1	
u_extract_data-002354	extract-data	kind	KIND_OK	samples/기상청/2017/extract-data-002354.hwp	기상청	2017	hwp	number	2	2	
u_extract_data-002355	extract-data	kind	KIND_OK	samples/관세청/2017/extract-data-002355.hwpx	관세청	2017	hwpx	all	3	3	
u_extract_data-002356	extract-data	kind	KIND_OK	samples/검찰청/2017/extract-data-002356.hwp	검찰청	2017	hwp	date	4	4	
u_extract_data-002357	extract-data	kind	COUNT_DRIFT	samples/경찰청/2017/extract-data-002357.hwpx	경찰청	2017	hwpx	amount	5	6	
u_extract_data-002358	extract-data	kind	KIND_UNKNOWN	samples/소방청/2017/extract-data-002358.hwp	소방청	2017	hwp	token	6	6	
u_extract_data-002359	extract-data	kind	KIND_OK	samples/병무청/2017/extract-data-002359.hwpx	병무청	2017	hwpx	date	7	7	
u_extract_data-002360	extract-data	kind	KIND_OK	samples/산림청/2017/extract-data-002360.hwp	산림청	2017	hwp	amount	8	8	
u_extract_data-002361	extract-data	kind	KIND_OK	samples/중소벤처기업부/2017/extract-data-002361.hwpx	중소벤처기업부	2017	hwpx	number	9	9	
u_extract_data-002362	extract-data	kind	KIND_OK	samples/과학기술정보통신부/2017/extract-data-002362.hwp	과학기술정보통신부	2017	hwp	all	10	10	
u_extract_data-002363	extract-data	kind	KIND_OK	samples/문화체육관광부/2017/extract-data-002363.hwpx	문화체육관광부	2017	hwpx	date	11	11	
u_extract_data-002364	extract-data	kind	COUNT_DRIFT	samples/환경부/2017/extract-data-002364.hwp	환경부	2017	hwp	amount	0	1	
u_extract_data-002365	extract-data	kind	KIND_UNKNOWN	samples/해양수산부/2017/extract-data-002365.hwpx	해양수산부	2017	hwpx	token	1	1	
u_extract_data-002366	extract-data	kind	KIND_OK	samples/서울특별시/2017/extract-data-002366.hwp	서울특별시	2017	hwp	date	2	2	
u_extract_data-002367	extract-data	kind	KIND_OK	samples/경기도/2017/extract-data-002367.hwpx	경기도	2017	hwpx	amount	3	3	
u_extract_data-002368	extract-data	kind	KIND_OK	samples/부산광역시/2017/extract-data-002368.hwp	부산광역시	2017	hwp	number	4	4	
u_extract_data-002369	extract-data	kind	KIND_OK	samples/제주특별자치도/2017/extract-data-002369.hwpx	제주특별자치도	2017	hwpx	all	5	5	
u_extract_data-002370	extract-data	kind	KIND_OK	samples/법제처/2018/extract-data-002370.hwp	법제처	2018	hwp	date	6	6	
u_extract_data-002371	extract-data	kind	COUNT_DRIFT	samples/행정안전부/2018/extract-data-002371.hwpx	행정안전부	2018	hwpx	amount	7	8	
u_extract_data-002372	extract-data	kind	KIND_UNKNOWN	samples/국세청/2018/extract-data-002372.hwp	국세청	2018	hwp	token	8	8	
u_extract_data-002373	extract-data	kind	KIND_OK	samples/대법원/2018/extract-data-002373.hwpx	대법원	2018	hwpx	date	9	9	
u_extract_data-002374	extract-data	kind	KIND_OK	samples/특허청/2018/extract-data-002374.hwp	특허청	2018	hwp	amount	10	10	
u_extract_data-002375	extract-data	kind	KIND_OK	samples/교육부/2018/extract-data-002375.hwpx	교육부	2018	hwpx	number	11	11	
u_extract_data-002376	extract-data	kind	KIND_OK	samples/보건복지부/2018/extract-data-002376.hwp	보건복지부	2018	hwp	all	0	0	
u_extract_data-002377	extract-data	kind	KIND_OK	samples/국토교통부/2018/extract-data-002377.hwpx	국토교통부	2018	hwpx	date	1	1	
u_extract_data-002378	extract-data	kind	COUNT_DRIFT	samples/고용노동부/2018/extract-data-002378.hwp	고용노동부	2018	hwp	amount	2	3	
u_extract_data-002379	extract-data	kind	KIND_UNKNOWN	samples/외교부/2018/extract-data-002379.hwpx	외교부	2018	hwpx	token	3	3	
u_extract_data-002380	extract-data	kind	KIND_OK	samples/기획재정부/2018/extract-data-002380.hwp	기획재정부	2018	hwp	date	4	4	
u_extract_data-002381	extract-data	kind	KIND_OK	samples/공정거래위원회/2018/extract-data-002381.hwpx	공정거래위원회	2018	hwpx	amount	5	5	
u_extract_data-002382	extract-data	kind	KIND_OK	samples/금융위원회/2018/extract-data-002382.hwp	금융위원회	2018	hwp	number	6	6	
u_extract_data-002383	extract-data	kind	KIND_OK	samples/통계청/2018/extract-data-002383.hwpx	통계청	2018	hwpx	all	7	7	
u_extract_data-002384	extract-data	kind	KIND_OK	samples/기상청/2018/extract-data-002384.hwp	기상청	2018	hwp	date	8	8	
u_extract_data-002385	extract-data	kind	COUNT_DRIFT	samples/관세청/2018/extract-data-002385.hwpx	관세청	2018	hwpx	amount	9	10	
u_extract_data-002386	extract-data	kind	KIND_UNKNOWN	samples/검찰청/2018/extract-data-002386.hwp	검찰청	2018	hwp	token	10	10	
u_extract_data-002387	extract-data	kind	KIND_OK	samples/경찰청/2018/extract-data-002387.hwpx	경찰청	2018	hwpx	date	11	11	
u_extract_data-002388	extract-data	kind	KIND_OK	samples/소방청/2018/extract-data-002388.hwp	소방청	2018	hwp	amount	0	0	
u_extract_data-002389	extract-data	kind	KIND_OK	samples/병무청/2018/extract-data-002389.hwpx	병무청	2018	hwpx	number	1	1	
u_extract_data-002390	extract-data	kind	KIND_OK	samples/산림청/2018/extract-data-002390.hwp	산림청	2018	hwp	all	2	2	
u_extract_data-002391	extract-data	kind	KIND_OK	samples/중소벤처기업부/2018/extract-data-002391.hwpx	중소벤처기업부	2018	hwpx	date	3	3	
u_extract_data-002392	extract-data	kind	COUNT_DRIFT	samples/과학기술정보통신부/2018/extract-data-002392.hwp	과학기술정보통신부	2018	hwp	amount	4	5	
u_extract_data-002393	extract-data	kind	KIND_UNKNOWN	samples/문화체육관광부/2018/extract-data-002393.hwpx	문화체육관광부	2018	hwpx	token	5	5	
u_extract_data-002394	extract-data	kind	KIND_OK	samples/환경부/2018/extract-data-002394.hwp	환경부	2018	hwp	date	6	6	
u_extract_data-002395	extract-data	kind	KIND_OK	samples/해양수산부/2018/extract-data-002395.hwpx	해양수산부	2018	hwpx	amount	7	7	
u_extract_data-002396	extract-data	kind	KIND_OK	samples/서울특별시/2018/extract-data-002396.hwp	서울특별시	2018	hwp	number	8	8	
u_extract_data-002397	extract-data	kind	KIND_OK	samples/경기도/2018/extract-data-002397.hwpx	경기도	2018	hwpx	all	9	9	
u_extract_data-002398	extract-data	kind	KIND_OK	samples/부산광역시/2018/extract-data-002398.hwp	부산광역시	2018	hwp	date	10	10	
u_extract_data-002399	extract-data	kind	COUNT_DRIFT	samples/제주특별자치도/2018/extract-data-002399.hwpx	제주특별자치도	2018	hwpx	amount	11	12	
u_extract_data-002400	extract-data	kind	KIND_UNKNOWN	samples/법제처/2019/extract-data-002400.hwp	법제처	2019	hwp	token	0	0	
u_extract_data-002401	extract-data	kind	KIND_OK	samples/행정안전부/2019/extract-data-002401.hwpx	행정안전부	2019	hwpx	date	1	1	
u_extract_data-002402	extract-data	kind	KIND_OK	samples/국세청/2019/extract-data-002402.hwp	국세청	2019	hwp	amount	2	2	
u_extract_data-002403	extract-data	kind	KIND_OK	samples/대법원/2019/extract-data-002403.hwpx	대법원	2019	hwpx	number	3	3	
u_extract_data-002404	extract-data	kind	KIND_OK	samples/특허청/2019/extract-data-002404.hwp	특허청	2019	hwp	all	4	4	
u_extract_data-002405	extract-data	kind	KIND_OK	samples/교육부/2019/extract-data-002405.hwpx	교육부	2019	hwpx	date	5	5	
u_extract_data-002406	extract-data	kind	COUNT_DRIFT	samples/보건복지부/2019/extract-data-002406.hwp	보건복지부	2019	hwp	amount	6	7	
u_extract_data-002407	extract-data	kind	KIND_UNKNOWN	samples/국토교통부/2019/extract-data-002407.hwpx	국토교통부	2019	hwpx	token	7	7	
u_extract_data-002408	extract-data	kind	KIND_OK	samples/고용노동부/2019/extract-data-002408.hwp	고용노동부	2019	hwp	date	8	8	
u_extract_data-002409	extract-data	kind	KIND_OK	samples/외교부/2019/extract-data-002409.hwpx	외교부	2019	hwpx	amount	9	9	
u_extract_data-002410	extract-data	kind	KIND_OK	samples/기획재정부/2019/extract-data-002410.hwp	기획재정부	2019	hwp	number	10	10	
u_extract_data-002411	extract-data	kind	KIND_OK	samples/공정거래위원회/2019/extract-data-002411.hwpx	공정거래위원회	2019	hwpx	all	11	11	
u_extract_data-002412	extract-data	kind	KIND_OK	samples/금융위원회/2019/extract-data-002412.hwp	금융위원회	2019	hwp	date	0	0	
u_extract_data-002413	extract-data	kind	COUNT_DRIFT	samples/통계청/2019/extract-data-002413.hwpx	통계청	2019	hwpx	amount	1	2	
u_extract_data-002414	extract-data	kind	KIND_UNKNOWN	samples/기상청/2019/extract-data-002414.hwp	기상청	2019	hwp	token	2	2	
u_extract_data-002415	extract-data	kind	KIND_OK	samples/관세청/2019/extract-data-002415.hwpx	관세청	2019	hwpx	date	3	3	
u_extract_data-002416	extract-data	kind	KIND_OK	samples/검찰청/2019/extract-data-002416.hwp	검찰청	2019	hwp	amount	4	4	
u_extract_data-002417	extract-data	kind	KIND_OK	samples/경찰청/2019/extract-data-002417.hwpx	경찰청	2019	hwpx	number	5	5	
u_extract_data-002418	extract-data	kind	KIND_OK	samples/소방청/2019/extract-data-002418.hwp	소방청	2019	hwp	all	6	6	
u_extract_data-002419	extract-data	kind	KIND_OK	samples/병무청/2019/extract-data-002419.hwpx	병무청	2019	hwpx	date	7	7	
u_extract_data-002420	extract-data	kind	COUNT_DRIFT	samples/산림청/2019/extract-data-002420.hwp	산림청	2019	hwp	amount	8	9	
u_extract_data-002421	extract-data	kind	KIND_UNKNOWN	samples/중소벤처기업부/2019/extract-data-002421.hwpx	중소벤처기업부	2019	hwpx	token	9	9	
u_extract_data-002422	extract-data	kind	KIND_OK	samples/과학기술정보통신부/2019/extract-data-002422.hwp	과학기술정보통신부	2019	hwp	date	10	10	
u_extract_data-002423	extract-data	kind	KIND_OK	samples/문화체육관광부/2019/extract-data-002423.hwpx	문화체육관광부	2019	hwpx	amount	11	11	
u_extract_data-002424	extract-data	kind	KIND_OK	samples/환경부/2019/extract-data-002424.hwp	환경부	2019	hwp	number	0	0	
u_extract_data-002425	extract-data	kind	KIND_OK	samples/해양수산부/2019/extract-data-002425.hwpx	해양수산부	2019	hwpx	all	1	1	
u_extract_data-002426	extract-data	kind	KIND_OK	samples/서울특별시/2019/extract-data-002426.hwp	서울특별시	2019	hwp	date	2	2	
u_extract_data-002427	extract-data	kind	COUNT_DRIFT	samples/경기도/2019/extract-data-002427.hwpx	경기도	2019	hwpx	amount	3	4	
u_extract_data-002428	extract-data	kind	KIND_UNKNOWN	samples/부산광역시/2019/extract-data-002428.hwp	부산광역시	2019	hwp	token	4	4	
u_extract_data-002429	extract-data	kind	KIND_OK	samples/제주특별자치도/2019/extract-data-002429.hwpx	제주특별자치도	2019	hwpx	date	5	5	
u_extract_data-002430	extract-data	kind	KIND_OK	samples/법제처/2020/extract-data-002430.hwp	법제처	2020	hwp	amount	6	6	
u_extract_data-002431	extract-data	kind	KIND_OK	samples/행정안전부/2020/extract-data-002431.hwpx	행정안전부	2020	hwpx	number	7	7	
u_extract_data-002432	extract-data	kind	KIND_OK	samples/국세청/2020/extract-data-002432.hwp	국세청	2020	hwp	all	8	8	
u_extract_data-002433	extract-data	kind	KIND_OK	samples/대법원/2020/extract-data-002433.hwpx	대법원	2020	hwpx	date	9	9	
u_extract_data-002434	extract-data	kind	COUNT_DRIFT	samples/특허청/2020/extract-data-002434.hwp	특허청	2020	hwp	amount	10	11	
u_extract_data-002435	extract-data	kind	KIND_UNKNOWN	samples/교육부/2020/extract-data-002435.hwpx	교육부	2020	hwpx	token	11	11	
u_extract_data-002436	extract-data	kind	KIND_OK	samples/보건복지부/2020/extract-data-002436.hwp	보건복지부	2020	hwp	date	0	0	
u_extract_data-002437	extract-data	kind	KIND_OK	samples/국토교통부/2020/extract-data-002437.hwpx	국토교통부	2020	hwpx	amount	1	1	
u_extract_data-002438	extract-data	kind	KIND_OK	samples/고용노동부/2020/extract-data-002438.hwp	고용노동부	2020	hwp	number	2	2	
u_extract_data-002439	extract-data	kind	KIND_OK	samples/외교부/2020/extract-data-002439.hwpx	외교부	2020	hwpx	all	3	3	
u_extract_data-002440	extract-data	kind	KIND_OK	samples/기획재정부/2020/extract-data-002440.hwp	기획재정부	2020	hwp	date	4	4	
u_extract_data-002441	extract-data	kind	COUNT_DRIFT	samples/공정거래위원회/2020/extract-data-002441.hwpx	공정거래위원회	2020	hwpx	amount	5	6	
u_extract_data-002442	extract-data	kind	KIND_UNKNOWN	samples/금융위원회/2020/extract-data-002442.hwp	금융위원회	2020	hwp	token	6	6	
u_extract_data-002443	extract-data	kind	KIND_OK	samples/통계청/2020/extract-data-002443.hwpx	통계청	2020	hwpx	date	7	7	
u_extract_data-002444	extract-data	kind	KIND_OK	samples/기상청/2020/extract-data-002444.hwp	기상청	2020	hwp	amount	8	8	
u_extract_data-002445	extract-data	kind	KIND_OK	samples/관세청/2020/extract-data-002445.hwpx	관세청	2020	hwpx	number	9	9	
u_extract_data-002446	extract-data	kind	KIND_OK	samples/검찰청/2020/extract-data-002446.hwp	검찰청	2020	hwp	all	10	10	
u_extract_data-002447	extract-data	kind	KIND_OK	samples/경찰청/2020/extract-data-002447.hwpx	경찰청	2020	hwpx	date	11	11	
u_extract_data-002448	extract-data	kind	COUNT_DRIFT	samples/소방청/2020/extract-data-002448.hwp	소방청	2020	hwp	amount	0	1	
u_extract_data-002449	extract-data	kind	KIND_UNKNOWN	samples/병무청/2020/extract-data-002449.hwpx	병무청	2020	hwpx	token	1	1	
u_extract_data-002450	extract-data	kind	KIND_OK	samples/산림청/2020/extract-data-002450.hwp	산림청	2020	hwp	date	2	2	
u_extract_data-002451	extract-data	kind	KIND_OK	samples/중소벤처기업부/2020/extract-data-002451.hwpx	중소벤처기업부	2020	hwpx	amount	3	3	
u_extract_data-002452	extract-data	kind	KIND_OK	samples/과학기술정보통신부/2020/extract-data-002452.hwp	과학기술정보통신부	2020	hwp	number	4	4	
u_extract_data-002453	extract-data	kind	KIND_OK	samples/문화체육관광부/2020/extract-data-002453.hwpx	문화체육관광부	2020	hwpx	all	5	5	
u_extract_data-002454	extract-data	kind	KIND_OK	samples/환경부/2020/extract-data-002454.hwp	환경부	2020	hwp	date	6	6	
u_extract_data-002455	extract-data	kind	COUNT_DRIFT	samples/해양수산부/2020/extract-data-002455.hwpx	해양수산부	2020	hwpx	amount	7	8	
u_extract_data-002456	extract-data	kind	KIND_UNKNOWN	samples/서울특별시/2020/extract-data-002456.hwp	서울특별시	2020	hwp	token	8	8	
u_extract_data-002457	extract-data	kind	KIND_OK	samples/경기도/2020/extract-data-002457.hwpx	경기도	2020	hwpx	date	9	9	
u_extract_data-002458	extract-data	kind	KIND_OK	samples/부산광역시/2020/extract-data-002458.hwp	부산광역시	2020	hwp	amount	10	10	
u_extract_data-002459	extract-data	kind	KIND_OK	samples/제주특별자치도/2020/extract-data-002459.hwpx	제주특별자치도	2020	hwpx	number	11	11	
u_extract_data-002460	extract-data	kind	KIND_OK	samples/법제처/2021/extract-data-002460.hwp	법제처	2021	hwp	all	0	0	
u_extract_data-002461	extract-data	kind	KIND_OK	samples/행정안전부/2021/extract-data-002461.hwpx	행정안전부	2021	hwpx	date	1	1	
u_extract_data-002462	extract-data	kind	COUNT_DRIFT	samples/국세청/2021/extract-data-002462.hwp	국세청	2021	hwp	amount	2	3	
u_extract_data-002463	extract-data	kind	KIND_UNKNOWN	samples/대법원/2021/extract-data-002463.hwpx	대법원	2021	hwpx	token	3	3	
u_extract_data-002464	extract-data	kind	KIND_OK	samples/특허청/2021/extract-data-002464.hwp	특허청	2021	hwp	date	4	4	
u_extract_data-002465	extract-data	kind	KIND_OK	samples/교육부/2021/extract-data-002465.hwpx	교육부	2021	hwpx	amount	5	5	
u_extract_data-002466	extract-data	kind	KIND_OK	samples/보건복지부/2021/extract-data-002466.hwp	보건복지부	2021	hwp	number	6	6	
u_extract_data-002467	extract-data	kind	KIND_OK	samples/국토교통부/2021/extract-data-002467.hwpx	국토교통부	2021	hwpx	all	7	7	
u_extract_data-002468	extract-data	kind	KIND_OK	samples/고용노동부/2021/extract-data-002468.hwp	고용노동부	2021	hwp	date	8	8	
u_extract_data-002469	extract-data	kind	COUNT_DRIFT	samples/외교부/2021/extract-data-002469.hwpx	외교부	2021	hwpx	amount	9	10	
u_extract_data-002470	extract-data	kind	KIND_UNKNOWN	samples/기획재정부/2021/extract-data-002470.hwp	기획재정부	2021	hwp	token	10	10	
u_extract_data-002471	extract-data	kind	KIND_OK	samples/공정거래위원회/2021/extract-data-002471.hwpx	공정거래위원회	2021	hwpx	date	11	11	
u_extract_data-002472	extract-data	kind	KIND_OK	samples/금융위원회/2021/extract-data-002472.hwp	금융위원회	2021	hwp	amount	0	0	
u_extract_data-002473	extract-data	kind	KIND_OK	samples/통계청/2021/extract-data-002473.hwpx	통계청	2021	hwpx	number	1	1	
u_extract_data-002474	extract-data	kind	KIND_OK	samples/기상청/2021/extract-data-002474.hwp	기상청	2021	hwp	all	2	2	
u_extract_data-002475	extract-data	kind	KIND_OK	samples/관세청/2021/extract-data-002475.hwpx	관세청	2021	hwpx	date	3	3	
u_extract_data-002476	extract-data	kind	COUNT_DRIFT	samples/검찰청/2021/extract-data-002476.hwp	검찰청	2021	hwp	amount	4	5	
u_extract_data-002477	extract-data	kind	KIND_UNKNOWN	samples/경찰청/2021/extract-data-002477.hwpx	경찰청	2021	hwpx	token	5	5	
u_extract_data-002478	extract-data	kind	KIND_OK	samples/소방청/2021/extract-data-002478.hwp	소방청	2021	hwp	date	6	6	
u_extract_data-002479	extract-data	kind	KIND_OK	samples/병무청/2021/extract-data-002479.hwpx	병무청	2021	hwpx	amount	7	7	
u_extract_data-002480	extract-data	kind	KIND_OK	samples/산림청/2021/extract-data-002480.hwp	산림청	2021	hwp	number	8	8	
u_extract_data-002481	extract-data	kind	KIND_OK	samples/중소벤처기업부/2021/extract-data-002481.hwpx	중소벤처기업부	2021	hwpx	all	9	9	
u_extract_data-002482	extract-data	kind	KIND_OK	samples/과학기술정보통신부/2021/extract-data-002482.hwp	과학기술정보통신부	2021	hwp	date	10	10	
u_extract_data-002483	extract-data	kind	COUNT_DRIFT	samples/문화체육관광부/2021/extract-data-002483.hwpx	문화체육관광부	2021	hwpx	amount	11	12	
u_extract_data-002484	extract-data	kind	KIND_UNKNOWN	samples/환경부/2021/extract-data-002484.hwp	환경부	2021	hwp	token	0	0	
u_extract_data-002485	extract-data	kind	KIND_OK	samples/해양수산부/2021/extract-data-002485.hwpx	해양수산부	2021	hwpx	date	1	1	
u_extract_data-002486	extract-data	kind	KIND_OK	samples/서울특별시/2021/extract-data-002486.hwp	서울특별시	2021	hwp	amount	2	2	
u_extract_data-002487	extract-data	kind	KIND_OK	samples/경기도/2021/extract-data-002487.hwpx	경기도	2021	hwpx	number	3	3	
u_extract_data-002488	extract-data	kind	KIND_OK	samples/부산광역시/2021/extract-data-002488.hwp	부산광역시	2021	hwp	all	4	4	
u_extract_data-002489	extract-data	kind	KIND_OK	samples/제주특별자치도/2021/extract-data-002489.hwpx	제주특별자치도	2021	hwpx	date	5	5	
u_extract_data-002490	extract-data	kind	COUNT_DRIFT	samples/법제처/2022/extract-data-002490.hwp	법제처	2022	hwp	amount	6	7	
u_extract_data-002491	extract-data	kind	KIND_UNKNOWN	samples/행정안전부/2022/extract-data-002491.hwpx	행정안전부	2022	hwpx	token	7	7	
u_extract_data-002492	extract-data	kind	KIND_OK	samples/국세청/2022/extract-data-002492.hwp	국세청	2022	hwp	date	8	8	
u_extract_data-002493	extract-data	kind	KIND_OK	samples/대법원/2022/extract-data-002493.hwpx	대법원	2022	hwpx	amount	9	9	
u_extract_data-002494	extract-data	kind	KIND_OK	samples/특허청/2022/extract-data-002494.hwp	특허청	2022	hwp	number	10	10	
u_extract_data-002495	extract-data	kind	KIND_OK	samples/교육부/2022/extract-data-002495.hwpx	교육부	2022	hwpx	all	11	11	
u_extract_data-002496	extract-data	kind	KIND_OK	samples/보건복지부/2022/extract-data-002496.hwp	보건복지부	2022	hwp	date	0	0	
u_extract_data-002497	extract-data	kind	COUNT_DRIFT	samples/국토교통부/2022/extract-data-002497.hwpx	국토교통부	2022	hwpx	amount	1	2	
u_extract_data-002498	extract-data	kind	KIND_UNKNOWN	samples/고용노동부/2022/extract-data-002498.hwp	고용노동부	2022	hwp	token	2	2	
u_extract_data-002499	extract-data	kind	KIND_OK	samples/외교부/2022/extract-data-002499.hwpx	외교부	2022	hwpx	date	3	3	
u_extract_data-002500	extract-data	kind	KIND_OK	samples/기획재정부/2022/extract-data-002500.hwp	기획재정부	2022	hwp	amount	4	4	
u_extract_data-002501	extract-data	kind	KIND_OK	samples/공정거래위원회/2022/extract-data-002501.hwpx	공정거래위원회	2022	hwpx	number	5	5	
u_extract_data-002502	extract-data	kind	KIND_OK	samples/금융위원회/2022/extract-data-002502.hwp	금융위원회	2022	hwp	all	6	6	
u_extract_data-002503	extract-data	kind	KIND_OK	samples/통계청/2022/extract-data-002503.hwpx	통계청	2022	hwpx	date	7	7	
u_extract_data-002504	extract-data	kind	COUNT_DRIFT	samples/기상청/2022/extract-data-002504.hwp	기상청	2022	hwp	amount	8	9	
u_extract_data-002505	extract-data	kind	KIND_UNKNOWN	samples/관세청/2022/extract-data-002505.hwpx	관세청	2022	hwpx	token	9	9	
u_extract_data-002506	extract-data	kind	KIND_OK	samples/검찰청/2022/extract-data-002506.hwp	검찰청	2022	hwp	date	10	10	
u_extract_data-002507	extract-data	kind	KIND_OK	samples/경찰청/2022/extract-data-002507.hwpx	경찰청	2022	hwpx	amount	11	11	
u_extract_data-002508	extract-data	kind	KIND_OK	samples/소방청/2022/extract-data-002508.hwp	소방청	2022	hwp	number	0	0	
u_extract_data-002509	extract-data	kind	KIND_OK	samples/병무청/2022/extract-data-002509.hwpx	병무청	2022	hwpx	all	1	1	
u_extract_data-002510	extract-data	kind	KIND_OK	samples/산림청/2022/extract-data-002510.hwp	산림청	2022	hwp	date	2	2	
u_extract_data-002511	extract-data	kind	COUNT_DRIFT	samples/중소벤처기업부/2022/extract-data-002511.hwpx	중소벤처기업부	2022	hwpx	amount	3	4	
u_extract_data-002512	extract-data	kind	KIND_UNKNOWN	samples/과학기술정보통신부/2022/extract-data-002512.hwp	과학기술정보통신부	2022	hwp	token	4	4	
u_extract_data-002513	extract-data	kind	KIND_OK	samples/문화체육관광부/2022/extract-data-002513.hwpx	문화체육관광부	2022	hwpx	date	5	5	
u_extract_data-002514	extract-data	kind	KIND_OK	samples/환경부/2022/extract-data-002514.hwp	환경부	2022	hwp	amount	6	6	
u_extract_data-002515	extract-data	kind	KIND_OK	samples/해양수산부/2022/extract-data-002515.hwpx	해양수산부	2022	hwpx	number	7	7	
u_extract_data-002516	extract-data	kind	KIND_OK	samples/서울특별시/2022/extract-data-002516.hwp	서울특별시	2022	hwp	all	8	8	
u_extract_data-002517	extract-data	kind	KIND_OK	samples/경기도/2022/extract-data-002517.hwpx	경기도	2022	hwpx	date	9	9	
u_extract_data-002518	extract-data	kind	COUNT_DRIFT	samples/부산광역시/2022/extract-data-002518.hwp	부산광역시	2022	hwp	amount	10	11	
u_extract_data-002519	extract-data	kind	KIND_UNKNOWN	samples/제주특별자치도/2022/extract-data-002519.hwpx	제주특별자치도	2022	hwpx	token	11	11	
u_extract_data-002520	extract-data	kind	KIND_OK	samples/법제처/2023/extract-data-002520.hwp	법제처	2023	hwp	date	0	0	
u_extract_data-002521	extract-data	kind	KIND_OK	samples/행정안전부/2023/extract-data-002521.hwpx	행정안전부	2023	hwpx	amount	1	1	
u_extract_data-002522	extract-data	kind	KIND_OK	samples/국세청/2023/extract-data-002522.hwp	국세청	2023	hwp	number	2	2	
u_extract_data-002523	extract-data	kind	KIND_OK	samples/대법원/2023/extract-data-002523.hwpx	대법원	2023	hwpx	all	3	3	
u_extract_data-002524	extract-data	kind	KIND_OK	samples/특허청/2023/extract-data-002524.hwp	특허청	2023	hwp	date	4	4	
u_extract_data-002525	extract-data	kind	COUNT_DRIFT	samples/교육부/2023/extract-data-002525.hwpx	교육부	2023	hwpx	amount	5	6	
u_extract_data-002526	extract-data	kind	KIND_UNKNOWN	samples/보건복지부/2023/extract-data-002526.hwp	보건복지부	2023	hwp	token	6	6	
u_extract_data-002527	extract-data	kind	KIND_OK	samples/국토교통부/2023/extract-data-002527.hwpx	국토교통부	2023	hwpx	date	7	7	
u_extract_data-002528	extract-data	kind	KIND_OK	samples/고용노동부/2023/extract-data-002528.hwp	고용노동부	2023	hwp	amount	8	8	
u_extract_data-002529	extract-data	kind	KIND_OK	samples/외교부/2023/extract-data-002529.hwpx	외교부	2023	hwpx	number	9	9	
u_extract_data-002530	extract-data	kind	KIND_OK	samples/기획재정부/2023/extract-data-002530.hwp	기획재정부	2023	hwp	all	10	10	
u_extract_data-002531	extract-data	kind	KIND_OK	samples/공정거래위원회/2023/extract-data-002531.hwpx	공정거래위원회	2023	hwpx	date	11	11	
u_extract_data-002532	extract-data	kind	COUNT_DRIFT	samples/금융위원회/2023/extract-data-002532.hwp	금융위원회	2023	hwp	amount	0	1	
u_extract_data-002533	extract-data	kind	KIND_UNKNOWN	samples/통계청/2023/extract-data-002533.hwpx	통계청	2023	hwpx	token	1	1	
u_extract_data-002534	extract-data	kind	KIND_OK	samples/기상청/2023/extract-data-002534.hwp	기상청	2023	hwp	date	2	2	
u_extract_data-002535	extract-data	kind	KIND_OK	samples/관세청/2023/extract-data-002535.hwpx	관세청	2023	hwpx	amount	3	3	
u_extract_data-002536	extract-data	kind	KIND_OK	samples/검찰청/2023/extract-data-002536.hwp	검찰청	2023	hwp	number	4	4	
u_extract_data-002537	extract-data	kind	KIND_OK	samples/경찰청/2023/extract-data-002537.hwpx	경찰청	2023	hwpx	all	5	5	
u_extract_data-002538	extract-data	kind	KIND_OK	samples/소방청/2023/extract-data-002538.hwp	소방청	2023	hwp	date	6	6	
u_extract_data-002539	extract-data	kind	COUNT_DRIFT	samples/병무청/2023/extract-data-002539.hwpx	병무청	2023	hwpx	amount	7	8	
u_extract_data-002540	extract-data	kind	KIND_UNKNOWN	samples/산림청/2023/extract-data-002540.hwp	산림청	2023	hwp	token	8	8	
u_extract_data-002541	extract-data	kind	KIND_OK	samples/중소벤처기업부/2023/extract-data-002541.hwpx	중소벤처기업부	2023	hwpx	date	9	9	
u_extract_data-002542	extract-data	kind	KIND_OK	samples/과학기술정보통신부/2023/extract-data-002542.hwp	과학기술정보통신부	2023	hwp	amount	10	10	
u_extract_data-002543	extract-data	kind	KIND_OK	samples/문화체육관광부/2023/extract-data-002543.hwpx	문화체육관광부	2023	hwpx	number	11	11	
u_extract_data-002544	extract-data	kind	KIND_OK	samples/환경부/2023/extract-data-002544.hwp	환경부	2023	hwp	all	0	0	
u_extract_data-002545	extract-data	kind	KIND_OK	samples/해양수산부/2023/extract-data-002545.hwpx	해양수산부	2023	hwpx	date	1	1	
u_extract_data-002546	extract-data	kind	COUNT_DRIFT	samples/서울특별시/2023/extract-data-002546.hwp	서울특별시	2023	hwp	amount	2	3	
u_extract_data-002547	extract-data	kind	KIND_UNKNOWN	samples/경기도/2023/extract-data-002547.hwpx	경기도	2023	hwpx	token	3	3	
u_extract_data-002548	extract-data	kind	KIND_OK	samples/부산광역시/2023/extract-data-002548.hwp	부산광역시	2023	hwp	date	4	4	
u_extract_data-002549	extract-data	kind	KIND_OK	samples/제주특별자치도/2023/extract-data-002549.hwpx	제주특별자치도	2023	hwpx	amount	5	5	
u_extract_data-002550	extract-data	kind	KIND_OK	samples/법제처/2024/extract-data-002550.hwp	법제처	2024	hwp	number	6	6	
u_extract_data-002551	extract-data	kind	KIND_OK	samples/행정안전부/2024/extract-data-002551.hwpx	행정안전부	2024	hwpx	all	7	7	
u_extract_data-002552	extract-data	kind	KIND_OK	samples/국세청/2024/extract-data-002552.hwp	국세청	2024	hwp	date	8	8	
u_extract_data-002553	extract-data	kind	COUNT_DRIFT	samples/대법원/2024/extract-data-002553.hwpx	대법원	2024	hwpx	amount	9	10	
u_extract_data-002554	extract-data	kind	KIND_UNKNOWN	samples/특허청/2024/extract-data-002554.hwp	특허청	2024	hwp	token	10	10	
u_extract_data-002555	extract-data	kind	KIND_OK	samples/교육부/2024/extract-data-002555.hwpx	교육부	2024	hwpx	date	11	11	
u_extract_data-002556	extract-data	kind	KIND_OK	samples/보건복지부/2024/extract-data-002556.hwp	보건복지부	2024	hwp	amount	0	0	
u_extract_data-002557	extract-data	kind	KIND_OK	samples/국토교통부/2024/extract-data-002557.hwpx	국토교통부	2024	hwpx	number	1	1	
u_extract_data-002558	extract-data	kind	KIND_OK	samples/고용노동부/2024/extract-data-002558.hwp	고용노동부	2024	hwp	all	2	2	
u_extract_data-002559	extract-data	kind	KIND_OK	samples/외교부/2024/extract-data-002559.hwpx	외교부	2024	hwpx	date	3	3	
u_extract_data-002560	extract-data	kind	COUNT_DRIFT	samples/기획재정부/2024/extract-data-002560.hwp	기획재정부	2024	hwp	amount	4	5	
u_extract_data-002561	extract-data	kind	KIND_UNKNOWN	samples/공정거래위원회/2024/extract-data-002561.hwpx	공정거래위원회	2024	hwpx	token	5	5	
u_extract_data-002562	extract-data	kind	KIND_OK	samples/금융위원회/2024/extract-data-002562.hwp	금융위원회	2024	hwp	date	6	6	
u_extract_data-002563	extract-data	kind	KIND_OK	samples/통계청/2024/extract-data-002563.hwpx	통계청	2024	hwpx	amount	7	7	
u_extract_data-002564	extract-data	kind	KIND_OK	samples/기상청/2024/extract-data-002564.hwp	기상청	2024	hwp	number	8	8	
u_extract_data-002565	extract-data	kind	KIND_OK	samples/관세청/2024/extract-data-002565.hwpx	관세청	2024	hwpx	all	9	9	
u_extract_data-002566	extract-data	kind	KIND_OK	samples/검찰청/2024/extract-data-002566.hwp	검찰청	2024	hwp	date	10	10	
u_extract_data-002567	extract-data	kind	COUNT_DRIFT	samples/경찰청/2024/extract-data-002567.hwpx	경찰청	2024	hwpx	amount	11	12	
u_extract_data-002568	extract-data	kind	KIND_UNKNOWN	samples/소방청/2024/extract-data-002568.hwp	소방청	2024	hwp	token	0	0	
u_extract_data-002569	extract-data	kind	KIND_OK	samples/병무청/2024/extract-data-002569.hwpx	병무청	2024	hwpx	date	1	1	
u_extract_data-002570	extract-data	kind	KIND_OK	samples/산림청/2024/extract-data-002570.hwp	산림청	2024	hwp	amount	2	2	
u_extract_data-002571	extract-data	kind	KIND_OK	samples/중소벤처기업부/2024/extract-data-002571.hwpx	중소벤처기업부	2024	hwpx	number	3	3	
u_extract_data-002572	extract-data	kind	KIND_OK	samples/과학기술정보통신부/2024/extract-data-002572.hwp	과학기술정보통신부	2024	hwp	all	4	4	
u_extract_data-002573	extract-data	kind	KIND_OK	samples/문화체육관광부/2024/extract-data-002573.hwpx	문화체육관광부	2024	hwpx	date	5	5	
u_extract_data-002574	extract-data	kind	COUNT_DRIFT	samples/환경부/2024/extract-data-002574.hwp	환경부	2024	hwp	amount	6	7	
u_extract_data-002575	extract-data	kind	KIND_UNKNOWN	samples/해양수산부/2024/extract-data-002575.hwpx	해양수산부	2024	hwpx	token	7	7	
u_extract_data-002576	extract-data	kind	KIND_OK	samples/서울특별시/2024/extract-data-002576.hwp	서울특별시	2024	hwp	date	8	8	
u_extract_data-002577	extract-data	kind	KIND_OK	samples/경기도/2024/extract-data-002577.hwpx	경기도	2024	hwpx	amount	9	9	
u_extract_data-002578	extract-data	kind	KIND_OK	samples/부산광역시/2024/extract-data-002578.hwp	부산광역시	2024	hwp	number	10	10	
u_extract_data-002579	extract-data	kind	KIND_OK	samples/제주특별자치도/2024/extract-data-002579.hwpx	제주특별자치도	2024	hwpx	all	11	11	
u_extract_data-002580	extract-data	kind	KIND_OK	samples/법제처/2025/extract-data-002580.hwp	법제처	2025	hwp	date	0	0	
u_extract_data-002581	extract-data	kind	COUNT_DRIFT	samples/행정안전부/2025/extract-data-002581.hwpx	행정안전부	2025	hwpx	amount	1	2	
u_extract_data-002582	extract-data	kind	KIND_UNKNOWN	samples/국세청/2025/extract-data-002582.hwp	국세청	2025	hwp	token	2	2	
u_extract_data-002583	extract-data	kind	KIND_OK	samples/대법원/2025/extract-data-002583.hwpx	대법원	2025	hwpx	date	3	3	
u_extract_data-002584	extract-data	kind	KIND_OK	samples/특허청/2025/extract-data-002584.hwp	특허청	2025	hwp	amount	4	4	
u_extract_data-002585	extract-data	kind	KIND_OK	samples/교육부/2025/extract-data-002585.hwpx	교육부	2025	hwpx	number	5	5	
u_extract_data-002586	extract-data	kind	KIND_OK	samples/보건복지부/2025/extract-data-002586.hwp	보건복지부	2025	hwp	all	6	6	
u_extract_data-002587	extract-data	kind	KIND_OK	samples/국토교통부/2025/extract-data-002587.hwpx	국토교통부	2025	hwpx	date	7	7	
u_extract_data-002588	extract-data	kind	COUNT_DRIFT	samples/고용노동부/2025/extract-data-002588.hwp	고용노동부	2025	hwp	amount	8	9	
u_extract_data-002589	extract-data	kind	KIND_UNKNOWN	samples/외교부/2025/extract-data-002589.hwpx	외교부	2025	hwpx	token	9	9	
u_extract_data-002590	extract-data	kind	KIND_OK	samples/기획재정부/2025/extract-data-002590.hwp	기획재정부	2025	hwp	date	10	10	
u_extract_data-002591	extract-data	kind	KIND_OK	samples/공정거래위원회/2025/extract-data-002591.hwpx	공정거래위원회	2025	hwpx	amount	11	11	
u_extract_data-002592	extract-data	kind	KIND_OK	samples/금융위원회/2025/extract-data-002592.hwp	금융위원회	2025	hwp	number	0	0	
u_extract_data-002593	extract-data	kind	KIND_OK	samples/통계청/2025/extract-data-002593.hwpx	통계청	2025	hwpx	all	1	1	
u_extract_data-002594	extract-data	kind	KIND_OK	samples/기상청/2025/extract-data-002594.hwp	기상청	2025	hwp	date	2	2	
u_extract_data-002595	extract-data	kind	COUNT_DRIFT	samples/관세청/2025/extract-data-002595.hwpx	관세청	2025	hwpx	amount	3	4	
u_extract_data-002596	extract-data	kind	KIND_UNKNOWN	samples/검찰청/2025/extract-data-002596.hwp	검찰청	2025	hwp	token	4	4	
u_extract_data-002597	extract-data	kind	KIND_OK	samples/경찰청/2025/extract-data-002597.hwpx	경찰청	2025	hwpx	date	5	5	
u_extract_data-002598	extract-data	kind	KIND_OK	samples/소방청/2025/extract-data-002598.hwp	소방청	2025	hwp	amount	6	6	
u_extract_data-002599	extract-data	kind	KIND_OK	samples/병무청/2025/extract-data-002599.hwpx	병무청	2025	hwpx	number	7	7	
u_extract_data-002600	extract-data	kind	KIND_OK	samples/산림청/2025/extract-data-002600.hwp	산림청	2025	hwp	all	8	8	
u_extract_data-002601	extract-data	kind	KIND_OK	samples/중소벤처기업부/2025/extract-data-002601.hwpx	중소벤처기업부	2025	hwpx	date	9	9	
u_extract_data-002602	extract-data	kind	COUNT_DRIFT	samples/과학기술정보통신부/2025/extract-data-002602.hwp	과학기술정보통신부	2025	hwp	amount	10	11	
u_extract_data-002603	extract-data	kind	KIND_UNKNOWN	samples/문화체육관광부/2025/extract-data-002603.hwpx	문화체육관광부	2025	hwpx	token	11	11	
u_extract_data-002604	extract-data	kind	KIND_OK	samples/환경부/2025/extract-data-002604.hwp	환경부	2025	hwp	date	0	0	
u_extract_data-002605	extract-data	kind	KIND_OK	samples/해양수산부/2025/extract-data-002605.hwpx	해양수산부	2025	hwpx	amount	1	1	
u_extract_data-002606	extract-data	kind	KIND_OK	samples/서울특별시/2025/extract-data-002606.hwp	서울특별시	2025	hwp	number	2	2	
u_extract_data-002607	extract-data	kind	KIND_OK	samples/경기도/2025/extract-data-002607.hwpx	경기도	2025	hwpx	all	3	3	
u_extract_data-002608	extract-data	kind	KIND_OK	samples/부산광역시/2025/extract-data-002608.hwp	부산광역시	2025	hwp	date	4	4	
u_extract_data-002609	extract-data	kind	COUNT_DRIFT	samples/제주특별자치도/2025/extract-data-002609.hwpx	제주특별자치도	2025	hwpx	amount	5	6	
u_extract_data-002610	extract-data	kind	KIND_UNKNOWN	samples/법제처/2026/extract-data-002610.hwp	법제처	2026	hwp	token	6	6	
u_extract_data-002611	extract-data	kind	KIND_OK	samples/행정안전부/2026/extract-data-002611.hwpx	행정안전부	2026	hwpx	date	7	7	
u_extract_data-002612	extract-data	kind	KIND_OK	samples/국세청/2026/extract-data-002612.hwp	국세청	2026	hwp	amount	8	8	
u_extract_data-002613	extract-data	kind	KIND_OK	samples/대법원/2026/extract-data-002613.hwpx	대법원	2026	hwpx	number	9	9	
u_extract_data-002614	extract-data	kind	KIND_OK	samples/특허청/2026/extract-data-002614.hwp	특허청	2026	hwp	all	10	10	
u_extract_data-002615	extract-data	kind	KIND_OK	samples/교육부/2026/extract-data-002615.hwpx	교육부	2026	hwpx	date	11	11	
u_extract_data-002616	extract-data	kind	COUNT_DRIFT	samples/보건복지부/2026/extract-data-002616.hwp	보건복지부	2026	hwp	amount	0	1	
u_extract_data-002617	extract-data	kind	KIND_UNKNOWN	samples/국토교통부/2026/extract-data-002617.hwpx	국토교통부	2026	hwpx	token	1	1	
u_extract_data-002618	extract-data	kind	KIND_OK	samples/고용노동부/2026/extract-data-002618.hwp	고용노동부	2026	hwp	date	2	2	
u_extract_data-002619	extract-data	kind	KIND_OK	samples/외교부/2026/extract-data-002619.hwpx	외교부	2026	hwpx	amount	3	3	
u_extract_data-002620	extract-data	kind	KIND_OK	samples/기획재정부/2026/extract-data-002620.hwp	기획재정부	2026	hwp	number	4	4	
u_extract_data-002621	extract-data	kind	KIND_OK	samples/공정거래위원회/2026/extract-data-002621.hwpx	공정거래위원회	2026	hwpx	all	5	5	
u_extract_data-002622	extract-data	kind	KIND_OK	samples/금융위원회/2026/extract-data-002622.hwp	금융위원회	2026	hwp	date	6	6	
u_extract_data-002623	extract-data	kind	COUNT_DRIFT	samples/통계청/2026/extract-data-002623.hwpx	통계청	2026	hwpx	amount	7	8	
u_extract_data-002624	extract-data	kind	KIND_UNKNOWN	samples/기상청/2026/extract-data-002624.hwp	기상청	2026	hwp	token	8	8	
u_extract_data-002625	extract-data	kind	KIND_OK	samples/관세청/2026/extract-data-002625.hwpx	관세청	2026	hwpx	date	9	9	
u_extract_data-002626	extract-data	kind	KIND_OK	samples/검찰청/2026/extract-data-002626.hwp	검찰청	2026	hwp	amount	10	10	
u_extract_data-002627	extract-data	kind	KIND_OK	samples/경찰청/2026/extract-data-002627.hwpx	경찰청	2026	hwpx	number	11	11	
u_extract_data-002628	extract-data	kind	KIND_OK	samples/소방청/2026/extract-data-002628.hwp	소방청	2026	hwp	all	0	0	
u_extract_data-002629	extract-data	kind	KIND_OK	samples/병무청/2026/extract-data-002629.hwpx	병무청	2026	hwpx	date	1	1	
u_extract_data-002630	extract-data	kind	COUNT_DRIFT	samples/산림청/2026/extract-data-002630.hwp	산림청	2026	hwp	amount	2	3	
u_extract_data-002631	extract-data	kind	KIND_UNKNOWN	samples/중소벤처기업부/2026/extract-data-002631.hwpx	중소벤처기업부	2026	hwpx	token	3	3	
u_extract_data-002632	extract-data	kind	KIND_OK	samples/과학기술정보통신부/2026/extract-data-002632.hwp	과학기술정보통신부	2026	hwp	date	4	4	
u_extract_data-002633	extract-data	kind	KIND_OK	samples/문화체육관광부/2026/extract-data-002633.hwpx	문화체육관광부	2026	hwpx	amount	5	5	
u_extract_data-002634	extract-data	kind	KIND_OK	samples/환경부/2026/extract-data-002634.hwp	환경부	2026	hwp	number	6	6	
u_extract_data-002635	extract-data	kind	KIND_OK	samples/해양수산부/2026/extract-data-002635.hwpx	해양수산부	2026	hwpx	all	7	7	
u_extract_data-002636	extract-data	kind	KIND_OK	samples/서울특별시/2026/extract-data-002636.hwp	서울특별시	2026	hwp	date	8	8	
u_extract_data-002637	extract-data	kind	COUNT_DRIFT	samples/경기도/2026/extract-data-002637.hwpx	경기도	2026	hwpx	amount	9	10	
u_extract_data-002638	extract-data	kind	KIND_UNKNOWN	samples/부산광역시/2026/extract-data-002638.hwp	부산광역시	2026	hwp	token	10	10	
u_extract_data-002639	extract-data	kind	KIND_OK	samples/제주특별자치도/2026/extract-data-002639.hwpx	제주특별자치도	2026	hwpx	date	11	11	
u_extract_data-002640	extract-data	kind	KIND_OK	samples/법제처/2016/extract-data-002640.hwp	법제처	2016	hwp	amount	0	0	
u_extract_data-002641	extract-data	kind	KIND_OK	samples/행정안전부/2016/extract-data-002641.hwpx	행정안전부	2016	hwpx	number	1	1	
u_extract_data-002642	extract-data	kind	KIND_OK	samples/국세청/2016/extract-data-002642.hwp	국세청	2016	hwp	all	2	2	
u_extract_data-002643	extract-data	kind	KIND_OK	samples/대법원/2016/extract-data-002643.hwpx	대법원	2016	hwpx	date	3	3	
u_extract_data-002644	extract-data	kind	COUNT_DRIFT	samples/특허청/2016/extract-data-002644.hwp	특허청	2016	hwp	amount	4	5	
u_extract_data-002645	extract-data	kind	KIND_UNKNOWN	samples/교육부/2016/extract-data-002645.hwpx	교육부	2016	hwpx	token	5	5	
u_extract_data-002646	extract-data	kind	KIND_OK	samples/보건복지부/2016/extract-data-002646.hwp	보건복지부	2016	hwp	date	6	6	
u_extract_data-002647	extract-data	kind	KIND_OK	samples/국토교통부/2016/extract-data-002647.hwpx	국토교통부	2016	hwpx	amount	7	7	
u_extract_data-002648	extract-data	kind	KIND_OK	samples/고용노동부/2016/extract-data-002648.hwp	고용노동부	2016	hwp	number	8	8	
u_extract_data-002649	extract-data	kind	KIND_OK	samples/외교부/2016/extract-data-002649.hwpx	외교부	2016	hwpx	all	9	9	
u_extract_data-002650	extract-data	kind	KIND_OK	samples/기획재정부/2016/extract-data-002650.hwp	기획재정부	2016	hwp	date	10	10	
u_extract_data-002651	extract-data	kind	COUNT_DRIFT	samples/공정거래위원회/2016/extract-data-002651.hwpx	공정거래위원회	2016	hwpx	amount	11	12	
u_extract_data-002652	extract-data	kind	KIND_UNKNOWN	samples/금융위원회/2016/extract-data-002652.hwp	금융위원회	2016	hwp	token	0	0	
u_extract_data-002653	extract-data	kind	KIND_OK	samples/통계청/2016/extract-data-002653.hwpx	통계청	2016	hwpx	date	1	1	
u_extract_data-002654	extract-data	kind	KIND_OK	samples/기상청/2016/extract-data-002654.hwp	기상청	2016	hwp	amount	2	2	
u_extract_data-002655	extract-data	kind	KIND_OK	samples/관세청/2016/extract-data-002655.hwpx	관세청	2016	hwpx	number	3	3	
u_extract_data-002656	extract-data	kind	KIND_OK	samples/검찰청/2016/extract-data-002656.hwp	검찰청	2016	hwp	all	4	4	
u_extract_data-002657	extract-data	kind	KIND_OK	samples/경찰청/2016/extract-data-002657.hwpx	경찰청	2016	hwpx	date	5	5	
u_extract_data-002658	extract-data	kind	COUNT_DRIFT	samples/소방청/2016/extract-data-002658.hwp	소방청	2016	hwp	amount	6	7	
u_extract_data-002659	extract-data	kind	KIND_UNKNOWN	samples/병무청/2016/extract-data-002659.hwpx	병무청	2016	hwpx	token	7	7	
u_extract_data-002660	extract-data	kind	KIND_OK	samples/산림청/2016/extract-data-002660.hwp	산림청	2016	hwp	date	8	8	
u_extract_data-002661	extract-data	kind	KIND_OK	samples/중소벤처기업부/2016/extract-data-002661.hwpx	중소벤처기업부	2016	hwpx	amount	9	9	
u_extract_data-002662	extract-data	kind	KIND_OK	samples/과학기술정보통신부/2016/extract-data-002662.hwp	과학기술정보통신부	2016	hwp	number	10	10	
u_extract_data-002663	extract-data	kind	KIND_OK	samples/문화체육관광부/2016/extract-data-002663.hwpx	문화체육관광부	2016	hwpx	all	11	11	
u_extract_data-002664	extract-data	kind	KIND_OK	samples/환경부/2016/extract-data-002664.hwp	환경부	2016	hwp	date	0	0	
u_extract_data-002665	extract-data	kind	COUNT_DRIFT	samples/해양수산부/2016/extract-data-002665.hwpx	해양수산부	2016	hwpx	amount	1	2	
u_extract_data-002666	extract-data	kind	KIND_UNKNOWN	samples/서울특별시/2016/extract-data-002666.hwp	서울특별시	2016	hwp	token	2	2	
u_extract_data-002667	extract-data	kind	KIND_OK	samples/경기도/2016/extract-data-002667.hwpx	경기도	2016	hwpx	date	3	3	
u_extract_data-002668	extract-data	kind	KIND_OK	samples/부산광역시/2016/extract-data-002668.hwp	부산광역시	2016	hwp	amount	4	4	
u_extract_data-002669	extract-data	kind	KIND_OK	samples/제주특별자치도/2016/extract-data-002669.hwpx	제주특별자치도	2016	hwpx	number	5	5	
u_extract_data-002670	extract-data	kind	KIND_OK	samples/법제처/2017/extract-data-002670.hwp	법제처	2017	hwp	all	6	6	
u_extract_data-002671	extract-data	kind	KIND_OK	samples/행정안전부/2017/extract-data-002671.hwpx	행정안전부	2017	hwpx	date	7	7	
u_extract_data-002672	extract-data	kind	COUNT_DRIFT	samples/국세청/2017/extract-data-002672.hwp	국세청	2017	hwp	amount	8	9	
u_extract_data-002673	extract-data	kind	KIND_UNKNOWN	samples/대법원/2017/extract-data-002673.hwpx	대법원	2017	hwpx	token	9	9	
u_extract_data-002674	extract-data	kind	KIND_OK	samples/특허청/2017/extract-data-002674.hwp	특허청	2017	hwp	date	10	10	
u_extract_data-002675	extract-data	kind	KIND_OK	samples/교육부/2017/extract-data-002675.hwpx	교육부	2017	hwpx	amount	11	11	
u_extract_data-002676	extract-data	kind	KIND_OK	samples/보건복지부/2017/extract-data-002676.hwp	보건복지부	2017	hwp	number	0	0	
u_extract_data-002677	extract-data	kind	KIND_OK	samples/국토교통부/2017/extract-data-002677.hwpx	국토교통부	2017	hwpx	all	1	1	
u_extract_data-002678	extract-data	kind	KIND_OK	samples/고용노동부/2017/extract-data-002678.hwp	고용노동부	2017	hwp	date	2	2	
u_extract_data-002679	extract-data	kind	COUNT_DRIFT	samples/외교부/2017/extract-data-002679.hwpx	외교부	2017	hwpx	amount	3	4	
u_extract_data-002680	extract-data	kind	KIND_UNKNOWN	samples/기획재정부/2017/extract-data-002680.hwp	기획재정부	2017	hwp	token	4	4	
u_extract_data-002681	extract-data	kind	KIND_OK	samples/공정거래위원회/2017/extract-data-002681.hwpx	공정거래위원회	2017	hwpx	date	5	5	
u_extract_data-002682	extract-data	kind	KIND_OK	samples/금융위원회/2017/extract-data-002682.hwp	금융위원회	2017	hwp	amount	6	6	
u_extract_data-002683	extract-data	kind	KIND_OK	samples/통계청/2017/extract-data-002683.hwpx	통계청	2017	hwpx	number	7	7	
u_extract_data-002684	extract-data	kind	KIND_OK	samples/기상청/2017/extract-data-002684.hwp	기상청	2017	hwp	all	8	8	
u_extract_data-002685	extract-data	kind	KIND_OK	samples/관세청/2017/extract-data-002685.hwpx	관세청	2017	hwpx	date	9	9	
u_extract_data-002686	extract-data	kind	COUNT_DRIFT	samples/검찰청/2017/extract-data-002686.hwp	검찰청	2017	hwp	amount	10	11	
u_extract_data-002687	extract-data	kind	KIND_UNKNOWN	samples/경찰청/2017/extract-data-002687.hwpx	경찰청	2017	hwpx	token	11	11	
u_extract_data-002688	extract-data	kind	KIND_OK	samples/소방청/2017/extract-data-002688.hwp	소방청	2017	hwp	date	0	0	
u_extract_data-002689	extract-data	kind	KIND_OK	samples/병무청/2017/extract-data-002689.hwpx	병무청	2017	hwpx	amount	1	1	
u_extract_data-002690	extract-data	kind	KIND_OK	samples/산림청/2017/extract-data-002690.hwp	산림청	2017	hwp	number	2	2	
u_extract_data-002691	extract-data	kind	KIND_OK	samples/중소벤처기업부/2017/extract-data-002691.hwpx	중소벤처기업부	2017	hwpx	all	3	3	
u_extract_data-002692	extract-data	kind	KIND_OK	samples/과학기술정보통신부/2017/extract-data-002692.hwp	과학기술정보통신부	2017	hwp	date	4	4	
u_extract_data-002693	extract-data	kind	COUNT_DRIFT	samples/문화체육관광부/2017/extract-data-002693.hwpx	문화체육관광부	2017	hwpx	amount	5	6	
u_extract_data-002694	extract-data	kind	KIND_UNKNOWN	samples/환경부/2017/extract-data-002694.hwp	환경부	2017	hwp	token	6	6	
u_extract_data-002695	extract-data	kind	KIND_OK	samples/해양수산부/2017/extract-data-002695.hwpx	해양수산부	2017	hwpx	date	7	7	
u_extract_data-002696	extract-data	kind	KIND_OK	samples/서울특별시/2017/extract-data-002696.hwp	서울특별시	2017	hwp	amount	8	8	
u_extract_data-002697	extract-data	kind	KIND_OK	samples/경기도/2017/extract-data-002697.hwpx	경기도	2017	hwpx	number	9	9	
u_extract_data-002698	extract-data	kind	KIND_OK	samples/부산광역시/2017/extract-data-002698.hwp	부산광역시	2017	hwp	all	10	10	
u_extract_data-002699	extract-data	kind	KIND_OK	samples/제주특별자치도/2017/extract-data-002699.hwpx	제주특별자치도	2017	hwpx	date	11	11	
u_extract_data-002700	extract-data	kind	COUNT_DRIFT	samples/법제처/2018/extract-data-002700.hwp	법제처	2018	hwp	amount	0	1	
u_extract_data-002701	extract-data	kind	KIND_UNKNOWN	samples/행정안전부/2018/extract-data-002701.hwpx	행정안전부	2018	hwpx	token	1	1	
u_extract_data-002702	extract-data	kind	KIND_OK	samples/국세청/2018/extract-data-002702.hwp	국세청	2018	hwp	date	2	2	
u_extract_data-002703	extract-data	kind	KIND_OK	samples/대법원/2018/extract-data-002703.hwpx	대법원	2018	hwpx	amount	3	3	
u_extract_data-002704	extract-data	kind	KIND_OK	samples/특허청/2018/extract-data-002704.hwp	특허청	2018	hwp	number	4	4	
u_extract_data-002705	extract-data	kind	KIND_OK	samples/교육부/2018/extract-data-002705.hwpx	교육부	2018	hwpx	all	5	5	
u_extract_data-002706	extract-data	kind	KIND_OK	samples/보건복지부/2018/extract-data-002706.hwp	보건복지부	2018	hwp	date	6	6	
u_extract_data-002707	extract-data	kind	COUNT_DRIFT	samples/국토교통부/2018/extract-data-002707.hwpx	국토교통부	2018	hwpx	amount	7	8	
u_extract_data-002708	extract-data	kind	KIND_UNKNOWN	samples/고용노동부/2018/extract-data-002708.hwp	고용노동부	2018	hwp	token	8	8	
u_extract_data-002709	extract-data	kind	KIND_OK	samples/외교부/2018/extract-data-002709.hwpx	외교부	2018	hwpx	date	9	9	
u_extract_data-002710	extract-data	kind	KIND_OK	samples/기획재정부/2018/extract-data-002710.hwp	기획재정부	2018	hwp	amount	10	10	
u_extract_data-002711	extract-data	kind	KIND_OK	samples/공정거래위원회/2018/extract-data-002711.hwpx	공정거래위원회	2018	hwpx	number	11	11	
u_extract_data-002712	extract-data	kind	KIND_OK	samples/금융위원회/2018/extract-data-002712.hwp	금융위원회	2018	hwp	all	0	0	
u_extract_data-002713	extract-data	kind	KIND_OK	samples/통계청/2018/extract-data-002713.hwpx	통계청	2018	hwpx	date	1	1	
u_extract_data-002714	extract-data	kind	COUNT_DRIFT	samples/기상청/2018/extract-data-002714.hwp	기상청	2018	hwp	amount	2	3	
u_extract_data-002715	extract-data	kind	KIND_UNKNOWN	samples/관세청/2018/extract-data-002715.hwpx	관세청	2018	hwpx	token	3	3	
u_extract_data-002716	extract-data	kind	KIND_OK	samples/검찰청/2018/extract-data-002716.hwp	검찰청	2018	hwp	date	4	4	
u_extract_data-002717	extract-data	kind	KIND_OK	samples/경찰청/2018/extract-data-002717.hwpx	경찰청	2018	hwpx	amount	5	5	
u_extract_data-002718	extract-data	kind	KIND_OK	samples/소방청/2018/extract-data-002718.hwp	소방청	2018	hwp	number	6	6	
u_extract_data-002719	extract-data	kind	KIND_OK	samples/병무청/2018/extract-data-002719.hwpx	병무청	2018	hwpx	all	7	7	
u_extract_data-002720	extract-data	kind	KIND_OK	samples/산림청/2018/extract-data-002720.hwp	산림청	2018	hwp	date	8	8	
u_extract_data-002721	extract-data	kind	COUNT_DRIFT	samples/중소벤처기업부/2018/extract-data-002721.hwpx	중소벤처기업부	2018	hwpx	amount	9	10	
u_extract_data-002722	extract-data	kind	KIND_UNKNOWN	samples/과학기술정보통신부/2018/extract-data-002722.hwp	과학기술정보통신부	2018	hwp	token	10	10	
u_extract_data-002723	extract-data	kind	KIND_OK	samples/문화체육관광부/2018/extract-data-002723.hwpx	문화체육관광부	2018	hwpx	date	11	11	
u_extract_data-002724	extract-data	kind	KIND_OK	samples/환경부/2018/extract-data-002724.hwp	환경부	2018	hwp	amount	0	0	
u_extract_data-002725	extract-data	kind	KIND_OK	samples/해양수산부/2018/extract-data-002725.hwpx	해양수산부	2018	hwpx	number	1	1	
u_extract_data-002726	extract-data	kind	KIND_OK	samples/서울특별시/2018/extract-data-002726.hwp	서울특별시	2018	hwp	all	2	2	
u_extract_data-002727	extract-data	kind	KIND_OK	samples/경기도/2018/extract-data-002727.hwpx	경기도	2018	hwpx	date	3	3	
u_extract_data-002728	extract-data	kind	COUNT_DRIFT	samples/부산광역시/2018/extract-data-002728.hwp	부산광역시	2018	hwp	amount	4	5	
u_extract_data-002729	extract-data	kind	KIND_UNKNOWN	samples/제주특별자치도/2018/extract-data-002729.hwpx	제주특별자치도	2018	hwpx	token	5	5	
u_extract_data-002730	extract-data	kind	KIND_OK	samples/법제처/2019/extract-data-002730.hwp	법제처	2019	hwp	date	6	6	
u_extract_data-002731	extract-data	kind	KIND_OK	samples/행정안전부/2019/extract-data-002731.hwpx	행정안전부	2019	hwpx	amount	7	7	
u_extract_data-002732	extract-data	kind	KIND_OK	samples/국세청/2019/extract-data-002732.hwp	국세청	2019	hwp	number	8	8	
u_extract_data-002733	extract-data	kind	KIND_OK	samples/대법원/2019/extract-data-002733.hwpx	대법원	2019	hwpx	all	9	9	
u_extract_data-002734	extract-data	kind	KIND_OK	samples/특허청/2019/extract-data-002734.hwp	특허청	2019	hwp	date	10	10	
u_extract_data-002735	extract-data	kind	COUNT_DRIFT	samples/교육부/2019/extract-data-002735.hwpx	교육부	2019	hwpx	amount	11	12	
u_extract_data-002736	extract-data	kind	KIND_UNKNOWN	samples/보건복지부/2019/extract-data-002736.hwp	보건복지부	2019	hwp	token	0	0	
u_extract_data-002737	extract-data	kind	KIND_OK	samples/국토교통부/2019/extract-data-002737.hwpx	국토교통부	2019	hwpx	date	1	1	
u_extract_data-002738	extract-data	kind	KIND_OK	samples/고용노동부/2019/extract-data-002738.hwp	고용노동부	2019	hwp	amount	2	2	
u_extract_data-002739	extract-data	kind	KIND_OK	samples/외교부/2019/extract-data-002739.hwpx	외교부	2019	hwpx	number	3	3	
u_extract_data-002740	extract-data	kind	KIND_OK	samples/기획재정부/2019/extract-data-002740.hwp	기획재정부	2019	hwp	all	4	4	
u_extract_data-002741	extract-data	kind	KIND_OK	samples/공정거래위원회/2019/extract-data-002741.hwpx	공정거래위원회	2019	hwpx	date	5	5	
u_extract_data-002742	extract-data	kind	COUNT_DRIFT	samples/금융위원회/2019/extract-data-002742.hwp	금융위원회	2019	hwp	amount	6	7	
u_extract_data-002743	extract-data	kind	KIND_UNKNOWN	samples/통계청/2019/extract-data-002743.hwpx	통계청	2019	hwpx	token	7	7	
u_extract_data-002744	extract-data	kind	KIND_OK	samples/기상청/2019/extract-data-002744.hwp	기상청	2019	hwp	date	8	8	
u_extract_data-002745	extract-data	kind	KIND_OK	samples/관세청/2019/extract-data-002745.hwpx	관세청	2019	hwpx	amount	9	9	
u_extract_data-002746	extract-data	kind	KIND_OK	samples/검찰청/2019/extract-data-002746.hwp	검찰청	2019	hwp	number	10	10	
u_extract_data-002747	extract-data	kind	KIND_OK	samples/경찰청/2019/extract-data-002747.hwpx	경찰청	2019	hwpx	all	11	11	
u_extract_data-002748	extract-data	kind	KIND_OK	samples/소방청/2019/extract-data-002748.hwp	소방청	2019	hwp	date	0	0	
u_extract_data-002749	extract-data	kind	COUNT_DRIFT	samples/병무청/2019/extract-data-002749.hwpx	병무청	2019	hwpx	amount	1	2	
u_extract_data-002750	extract-data	kind	KIND_UNKNOWN	samples/산림청/2019/extract-data-002750.hwp	산림청	2019	hwp	token	2	2	
u_extract_data-002751	extract-data	kind	KIND_OK	samples/중소벤처기업부/2019/extract-data-002751.hwpx	중소벤처기업부	2019	hwpx	date	3	3	
u_extract_data-002752	extract-data	kind	KIND_OK	samples/과학기술정보통신부/2019/extract-data-002752.hwp	과학기술정보통신부	2019	hwp	amount	4	4	
u_extract_data-002753	extract-data	kind	KIND_OK	samples/문화체육관광부/2019/extract-data-002753.hwpx	문화체육관광부	2019	hwpx	number	5	5	
u_extract_data-002754	extract-data	kind	KIND_OK	samples/환경부/2019/extract-data-002754.hwp	환경부	2019	hwp	all	6	6	
u_extract_data-002755	extract-data	kind	KIND_OK	samples/해양수산부/2019/extract-data-002755.hwpx	해양수산부	2019	hwpx	date	7	7	
u_extract_data-002756	extract-data	kind	COUNT_DRIFT	samples/서울특별시/2019/extract-data-002756.hwp	서울특별시	2019	hwp	amount	8	9	
u_extract_data-002757	extract-data	kind	KIND_UNKNOWN	samples/경기도/2019/extract-data-002757.hwpx	경기도	2019	hwpx	token	9	9	
u_extract_data-002758	extract-data	kind	KIND_OK	samples/부산광역시/2019/extract-data-002758.hwp	부산광역시	2019	hwp	date	10	10	
u_extract_data-002759	extract-data	kind	KIND_OK	samples/제주특별자치도/2019/extract-data-002759.hwpx	제주특별자치도	2019	hwpx	amount	11	11	
u_extract_data-002760	extract-data	kind	KIND_OK	samples/법제처/2020/extract-data-002760.hwp	법제처	2020	hwp	number	0	0	
u_extract_data-002761	extract-data	kind	KIND_OK	samples/행정안전부/2020/extract-data-002761.hwpx	행정안전부	2020	hwpx	all	1	1	
u_extract_data-002762	extract-data	kind	KIND_OK	samples/국세청/2020/extract-data-002762.hwp	국세청	2020	hwp	date	2	2	
u_extract_data-002763	extract-data	kind	COUNT_DRIFT	samples/대법원/2020/extract-data-002763.hwpx	대법원	2020	hwpx	amount	3	4	
u_extract_data-002764	extract-data	kind	KIND_UNKNOWN	samples/특허청/2020/extract-data-002764.hwp	특허청	2020	hwp	token	4	4	
u_extract_data-002765	extract-data	kind	KIND_OK	samples/교육부/2020/extract-data-002765.hwpx	교육부	2020	hwpx	date	5	5	
u_extract_data-002766	extract-data	kind	KIND_OK	samples/보건복지부/2020/extract-data-002766.hwp	보건복지부	2020	hwp	amount	6	6	
u_extract_data-002767	extract-data	kind	KIND_OK	samples/국토교통부/2020/extract-data-002767.hwpx	국토교통부	2020	hwpx	number	7	7	
u_extract_data-002768	extract-data	kind	KIND_OK	samples/고용노동부/2020/extract-data-002768.hwp	고용노동부	2020	hwp	all	8	8	
u_extract_data-002769	extract-data	kind	KIND_OK	samples/외교부/2020/extract-data-002769.hwpx	외교부	2020	hwpx	date	9	9	
u_extract_data-002770	extract-data	kind	COUNT_DRIFT	samples/기획재정부/2020/extract-data-002770.hwp	기획재정부	2020	hwp	amount	10	11	
u_extract_data-002771	extract-data	kind	KIND_UNKNOWN	samples/공정거래위원회/2020/extract-data-002771.hwpx	공정거래위원회	2020	hwpx	token	11	11	
u_extract_data-002772	extract-data	kind	KIND_OK	samples/금융위원회/2020/extract-data-002772.hwp	금융위원회	2020	hwp	date	0	0	
u_extract_data-002773	extract-data	kind	KIND_OK	samples/통계청/2020/extract-data-002773.hwpx	통계청	2020	hwpx	amount	1	1	
u_extract_data-002774	extract-data	kind	KIND_OK	samples/기상청/2020/extract-data-002774.hwp	기상청	2020	hwp	number	2	2	
u_extract_data-002775	extract-data	kind	KIND_OK	samples/관세청/2020/extract-data-002775.hwpx	관세청	2020	hwpx	all	3	3	
u_extract_data-002776	extract-data	kind	KIND_OK	samples/검찰청/2020/extract-data-002776.hwp	검찰청	2020	hwp	date	4	4	
u_extract_data-002777	extract-data	kind	COUNT_DRIFT	samples/경찰청/2020/extract-data-002777.hwpx	경찰청	2020	hwpx	amount	5	6	
u_extract_data-002778	extract-data	kind	KIND_UNKNOWN	samples/소방청/2020/extract-data-002778.hwp	소방청	2020	hwp	token	6	6	
u_extract_data-002779	extract-data	kind	KIND_OK	samples/병무청/2020/extract-data-002779.hwpx	병무청	2020	hwpx	date	7	7	
u_extract_data-002780	extract-data	kind	KIND_OK	samples/산림청/2020/extract-data-002780.hwp	산림청	2020	hwp	amount	8	8	
u_extract_data-002781	extract-data	kind	KIND_OK	samples/중소벤처기업부/2020/extract-data-002781.hwpx	중소벤처기업부	2020	hwpx	number	9	9	
u_extract_data-002782	extract-data	kind	KIND_OK	samples/과학기술정보통신부/2020/extract-data-002782.hwp	과학기술정보통신부	2020	hwp	all	10	10	
u_extract_data-002783	extract-data	kind	KIND_OK	samples/문화체육관광부/2020/extract-data-002783.hwpx	문화체육관광부	2020	hwpx	date	11	11	
u_extract_data-002784	extract-data	kind	COUNT_DRIFT	samples/환경부/2020/extract-data-002784.hwp	환경부	2020	hwp	amount	0	1	
u_extract_data-002785	extract-data	kind	KIND_UNKNOWN	samples/해양수산부/2020/extract-data-002785.hwpx	해양수산부	2020	hwpx	token	1	1	
u_extract_data-002786	extract-data	kind	KIND_OK	samples/서울특별시/2020/extract-data-002786.hwp	서울특별시	2020	hwp	date	2	2	
u_extract_data-002787	extract-data	kind	KIND_OK	samples/경기도/2020/extract-data-002787.hwpx	경기도	2020	hwpx	amount	3	3	
u_extract_data-002788	extract-data	kind	KIND_OK	samples/부산광역시/2020/extract-data-002788.hwp	부산광역시	2020	hwp	number	4	4	
u_extract_data-002789	extract-data	kind	KIND_OK	samples/제주특별자치도/2020/extract-data-002789.hwpx	제주특별자치도	2020	hwpx	all	5	5	
u_extract_data-002790	extract-data	kind	KIND_OK	samples/법제처/2021/extract-data-002790.hwp	법제처	2021	hwp	date	6	6	
u_extract_data-002791	extract-data	kind	COUNT_DRIFT	samples/행정안전부/2021/extract-data-002791.hwpx	행정안전부	2021	hwpx	amount	7	8	
u_extract_data-002792	extract-data	kind	KIND_UNKNOWN	samples/국세청/2021/extract-data-002792.hwp	국세청	2021	hwp	token	8	8	
u_extract_data-002793	extract-data	kind	KIND_OK	samples/대법원/2021/extract-data-002793.hwpx	대법원	2021	hwpx	date	9	9	
u_extract_data-002794	extract-data	kind	KIND_OK	samples/특허청/2021/extract-data-002794.hwp	특허청	2021	hwp	amount	10	10	
u_extract_data-002795	extract-data	kind	KIND_OK	samples/교육부/2021/extract-data-002795.hwpx	교육부	2021	hwpx	number	11	11	
u_extract_data-002796	extract-data	kind	KIND_OK	samples/보건복지부/2021/extract-data-002796.hwp	보건복지부	2021	hwp	all	0	0	
u_extract_data-002797	extract-data	kind	KIND_OK	samples/국토교통부/2021/extract-data-002797.hwpx	국토교통부	2021	hwpx	date	1	1	
u_extract_data-002798	extract-data	kind	COUNT_DRIFT	samples/고용노동부/2021/extract-data-002798.hwp	고용노동부	2021	hwp	amount	2	3	
u_extract_data-002799	extract-data	kind	KIND_UNKNOWN	samples/외교부/2021/extract-data-002799.hwpx	외교부	2021	hwpx	token	3	3	
u_extract_data-002800	extract-data	kind	KIND_OK	samples/기획재정부/2021/extract-data-002800.hwp	기획재정부	2021	hwp	date	4	4	
u_extract_data-002801	extract-data	kind	KIND_OK	samples/공정거래위원회/2021/extract-data-002801.hwpx	공정거래위원회	2021	hwpx	amount	5	5	
u_extract_data-002802	extract-data	kind	KIND_OK	samples/금융위원회/2021/extract-data-002802.hwp	금융위원회	2021	hwp	number	6	6	
u_extract_data-002803	extract-data	kind	KIND_OK	samples/통계청/2021/extract-data-002803.hwpx	통계청	2021	hwpx	all	7	7	
u_extract_data-002804	extract-data	kind	KIND_OK	samples/기상청/2021/extract-data-002804.hwp	기상청	2021	hwp	date	8	8	
u_extract_data-002805	extract-data	kind	COUNT_DRIFT	samples/관세청/2021/extract-data-002805.hwpx	관세청	2021	hwpx	amount	9	10	
u_extract_data-002806	extract-data	kind	KIND_UNKNOWN	samples/검찰청/2021/extract-data-002806.hwp	검찰청	2021	hwp	token	10	10	
u_extract_data-002807	extract-data	kind	KIND_OK	samples/경찰청/2021/extract-data-002807.hwpx	경찰청	2021	hwpx	date	11	11	
u_extract_data-002808	extract-data	kind	KIND_OK	samples/소방청/2021/extract-data-002808.hwp	소방청	2021	hwp	amount	0	0	
u_extract_data-002809	extract-data	kind	KIND_OK	samples/병무청/2021/extract-data-002809.hwpx	병무청	2021	hwpx	number	1	1	
u_extract_data-002810	extract-data	kind	KIND_OK	samples/산림청/2021/extract-data-002810.hwp	산림청	2021	hwp	all	2	2	
u_extract_data-002811	extract-data	kind	KIND_OK	samples/중소벤처기업부/2021/extract-data-002811.hwpx	중소벤처기업부	2021	hwpx	date	3	3	
u_extract_data-002812	extract-data	kind	COUNT_DRIFT	samples/과학기술정보통신부/2021/extract-data-002812.hwp	과학기술정보통신부	2021	hwp	amount	4	5	
u_extract_data-002813	extract-data	kind	KIND_UNKNOWN	samples/문화체육관광부/2021/extract-data-002813.hwpx	문화체육관광부	2021	hwpx	token	5	5	
u_extract_data-002814	extract-data	kind	KIND_OK	samples/환경부/2021/extract-data-002814.hwp	환경부	2021	hwp	date	6	6	
u_extract_data-002815	extract-data	kind	KIND_OK	samples/해양수산부/2021/extract-data-002815.hwpx	해양수산부	2021	hwpx	amount	7	7	
u_extract_data-002816	extract-data	kind	KIND_OK	samples/서울특별시/2021/extract-data-002816.hwp	서울특별시	2021	hwp	number	8	8	
u_extract_data-002817	extract-data	kind	KIND_OK	samples/경기도/2021/extract-data-002817.hwpx	경기도	2021	hwpx	all	9	9	
u_extract_data-002818	extract-data	kind	KIND_OK	samples/부산광역시/2021/extract-data-002818.hwp	부산광역시	2021	hwp	date	10	10	
u_extract_data-002819	extract-data	kind	COUNT_DRIFT	samples/제주특별자치도/2021/extract-data-002819.hwpx	제주특별자치도	2021	hwpx	amount	11	12	
u_extract_data-002820	extract-data	kind	KIND_UNKNOWN	samples/법제처/2022/extract-data-002820.hwp	법제처	2022	hwp	token	0	0	
u_extract_data-002821	extract-data	kind	KIND_OK	samples/행정안전부/2022/extract-data-002821.hwpx	행정안전부	2022	hwpx	date	1	1	
u_extract_data-002822	extract-data	kind	KIND_OK	samples/국세청/2022/extract-data-002822.hwp	국세청	2022	hwp	amount	2	2	
u_extract_data-002823	extract-data	kind	KIND_OK	samples/대법원/2022/extract-data-002823.hwpx	대법원	2022	hwpx	number	3	3	
u_extract_data-002824	extract-data	kind	KIND_OK	samples/특허청/2022/extract-data-002824.hwp	특허청	2022	hwp	all	4	4	
u_extract_data-002825	extract-data	kind	KIND_OK	samples/교육부/2022/extract-data-002825.hwpx	교육부	2022	hwpx	date	5	5	
u_extract_data-002826	extract-data	kind	COUNT_DRIFT	samples/보건복지부/2022/extract-data-002826.hwp	보건복지부	2022	hwp	amount	6	7	
u_extract_data-002827	extract-data	kind	KIND_UNKNOWN	samples/국토교통부/2022/extract-data-002827.hwpx	국토교통부	2022	hwpx	token	7	7	
u_extract_data-002828	extract-data	kind	KIND_OK	samples/고용노동부/2022/extract-data-002828.hwp	고용노동부	2022	hwp	date	8	8	
u_extract_data-002829	extract-data	kind	KIND_OK	samples/외교부/2022/extract-data-002829.hwpx	외교부	2022	hwpx	amount	9	9	
u_extract_data-002830	extract-data	kind	KIND_OK	samples/기획재정부/2022/extract-data-002830.hwp	기획재정부	2022	hwp	number	10	10	
u_extract_data-002831	extract-data	kind	KIND_OK	samples/공정거래위원회/2022/extract-data-002831.hwpx	공정거래위원회	2022	hwpx	all	11	11	
u_extract_data-002832	extract-data	kind	KIND_OK	samples/금융위원회/2022/extract-data-002832.hwp	금융위원회	2022	hwp	date	0	0	
u_extract_data-002833	extract-data	kind	COUNT_DRIFT	samples/통계청/2022/extract-data-002833.hwpx	통계청	2022	hwpx	amount	1	2	
u_extract_data-002834	extract-data	kind	KIND_UNKNOWN	samples/기상청/2022/extract-data-002834.hwp	기상청	2022	hwp	token	2	2	
u_extract_data-002835	extract-data	kind	KIND_OK	samples/관세청/2022/extract-data-002835.hwpx	관세청	2022	hwpx	date	3	3	
u_extract_data-002836	extract-data	kind	KIND_OK	samples/검찰청/2022/extract-data-002836.hwp	검찰청	2022	hwp	amount	4	4	
u_extract_data-002837	extract-data	kind	KIND_OK	samples/경찰청/2022/extract-data-002837.hwpx	경찰청	2022	hwpx	number	5	5	
u_extract_data-002838	extract-data	kind	KIND_OK	samples/소방청/2022/extract-data-002838.hwp	소방청	2022	hwp	all	6	6	
u_extract_data-002839	extract-data	kind	KIND_OK	samples/병무청/2022/extract-data-002839.hwpx	병무청	2022	hwpx	date	7	7	
u_extract_data-002840	extract-data	kind	COUNT_DRIFT	samples/산림청/2022/extract-data-002840.hwp	산림청	2022	hwp	amount	8	9	
u_extract_data-002841	extract-data	kind	KIND_UNKNOWN	samples/중소벤처기업부/2022/extract-data-002841.hwpx	중소벤처기업부	2022	hwpx	token	9	9	
u_extract_data-002842	extract-data	kind	KIND_OK	samples/과학기술정보통신부/2022/extract-data-002842.hwp	과학기술정보통신부	2022	hwp	date	10	10	
u_extract_data-002843	extract-data	kind	KIND_OK	samples/문화체육관광부/2022/extract-data-002843.hwpx	문화체육관광부	2022	hwpx	amount	11	11	
u_extract_data-002844	extract-data	kind	KIND_OK	samples/환경부/2022/extract-data-002844.hwp	환경부	2022	hwp	number	0	0	
u_extract_data-002845	extract-data	kind	KIND_OK	samples/해양수산부/2022/extract-data-002845.hwpx	해양수산부	2022	hwpx	all	1	1	
u_extract_data-002846	extract-data	kind	KIND_OK	samples/서울특별시/2022/extract-data-002846.hwp	서울특별시	2022	hwp	date	2	2	
u_extract_data-002847	extract-data	kind	COUNT_DRIFT	samples/경기도/2022/extract-data-002847.hwpx	경기도	2022	hwpx	amount	3	4	
u_extract_data-002848	extract-data	kind	KIND_UNKNOWN	samples/부산광역시/2022/extract-data-002848.hwp	부산광역시	2022	hwp	token	4	4	
u_extract_data-002849	extract-data	kind	KIND_OK	samples/제주특별자치도/2022/extract-data-002849.hwpx	제주특별자치도	2022	hwpx	date	5	5	
u_extract_data-002850	extract-data	kind	KIND_OK	samples/법제처/2023/extract-data-002850.hwp	법제처	2023	hwp	amount	6	6	
u_extract_data-002851	extract-data	kind	KIND_OK	samples/행정안전부/2023/extract-data-002851.hwpx	행정안전부	2023	hwpx	number	7	7	
u_extract_data-002852	extract-data	kind	KIND_OK	samples/국세청/2023/extract-data-002852.hwp	국세청	2023	hwp	all	8	8	
u_extract_data-002853	extract-data	kind	KIND_OK	samples/대법원/2023/extract-data-002853.hwpx	대법원	2023	hwpx	date	9	9	
u_extract_data-002854	extract-data	kind	COUNT_DRIFT	samples/특허청/2023/extract-data-002854.hwp	특허청	2023	hwp	amount	10	11	
u_extract_data-002855	extract-data	kind	KIND_UNKNOWN	samples/교육부/2023/extract-data-002855.hwpx	교육부	2023	hwpx	token	11	11	
u_extract_data-002856	extract-data	kind	KIND_OK	samples/보건복지부/2023/extract-data-002856.hwp	보건복지부	2023	hwp	date	0	0	
u_extract_data-002857	extract-data	kind	KIND_OK	samples/국토교통부/2023/extract-data-002857.hwpx	국토교통부	2023	hwpx	amount	1	1	
u_extract_data-002858	extract-data	kind	KIND_OK	samples/고용노동부/2023/extract-data-002858.hwp	고용노동부	2023	hwp	number	2	2	
u_extract_data-002859	extract-data	kind	KIND_OK	samples/외교부/2023/extract-data-002859.hwpx	외교부	2023	hwpx	all	3	3	
u_extract_data-002860	extract-data	kind	KIND_OK	samples/기획재정부/2023/extract-data-002860.hwp	기획재정부	2023	hwp	date	4	4	
u_extract_data-002861	extract-data	kind	COUNT_DRIFT	samples/공정거래위원회/2023/extract-data-002861.hwpx	공정거래위원회	2023	hwpx	amount	5	6	
u_extract_data-002862	extract-data	kind	KIND_UNKNOWN	samples/금융위원회/2023/extract-data-002862.hwp	금융위원회	2023	hwp	token	6	6	
u_extract_data-002863	extract-data	kind	KIND_OK	samples/통계청/2023/extract-data-002863.hwpx	통계청	2023	hwpx	date	7	7	
u_extract_data-002864	extract-data	kind	KIND_OK	samples/기상청/2023/extract-data-002864.hwp	기상청	2023	hwp	amount	8	8	
u_extract_data-002865	extract-data	kind	KIND_OK	samples/관세청/2023/extract-data-002865.hwpx	관세청	2023	hwpx	number	9	9	
u_extract_data-002866	extract-data	kind	KIND_OK	samples/검찰청/2023/extract-data-002866.hwp	검찰청	2023	hwp	all	10	10	
u_extract_data-002867	extract-data	kind	KIND_OK	samples/경찰청/2023/extract-data-002867.hwpx	경찰청	2023	hwpx	date	11	11	
u_extract_data-002868	extract-data	kind	COUNT_DRIFT	samples/소방청/2023/extract-data-002868.hwp	소방청	2023	hwp	amount	0	1	
u_extract_data-002869	extract-data	kind	KIND_UNKNOWN	samples/병무청/2023/extract-data-002869.hwpx	병무청	2023	hwpx	token	1	1	
u_extract_data-002870	extract-data	kind	KIND_OK	samples/산림청/2023/extract-data-002870.hwp	산림청	2023	hwp	date	2	2	
u_extract_data-002871	extract-data	kind	KIND_OK	samples/중소벤처기업부/2023/extract-data-002871.hwpx	중소벤처기업부	2023	hwpx	amount	3	3	
u_extract_data-002872	extract-data	kind	KIND_OK	samples/과학기술정보통신부/2023/extract-data-002872.hwp	과학기술정보통신부	2023	hwp	number	4	4	
u_extract_data-002873	extract-data	kind	KIND_OK	samples/문화체육관광부/2023/extract-data-002873.hwpx	문화체육관광부	2023	hwpx	all	5	5	
u_extract_data-002874	extract-data	kind	KIND_OK	samples/환경부/2023/extract-data-002874.hwp	환경부	2023	hwp	date	6	6	
u_extract_data-002875	extract-data	kind	COUNT_DRIFT	samples/해양수산부/2023/extract-data-002875.hwpx	해양수산부	2023	hwpx	amount	7	8	
u_extract_data-002876	extract-data	kind	KIND_UNKNOWN	samples/서울특별시/2023/extract-data-002876.hwp	서울특별시	2023	hwp	token	8	8	
u_extract_data-002877	extract-data	kind	KIND_OK	samples/경기도/2023/extract-data-002877.hwpx	경기도	2023	hwpx	date	9	9	
u_extract_data-002878	extract-data	kind	KIND_OK	samples/부산광역시/2023/extract-data-002878.hwp	부산광역시	2023	hwp	amount	10	10	
u_extract_data-002879	extract-data	kind	KIND_OK	samples/제주특별자치도/2023/extract-data-002879.hwpx	제주특별자치도	2023	hwpx	number	11	11	
u_extract_data-002880	extract-data	kind	KIND_OK	samples/법제처/2024/extract-data-002880.hwp	법제처	2024	hwp	all	0	0	
u_extract_data-002881	extract-data	kind	KIND_OK	samples/행정안전부/2024/extract-data-002881.hwpx	행정안전부	2024	hwpx	date	1	1	
u_extract_data-002882	extract-data	kind	COUNT_DRIFT	samples/국세청/2024/extract-data-002882.hwp	국세청	2024	hwp	amount	2	3	
u_extract_data-002883	extract-data	kind	KIND_UNKNOWN	samples/대법원/2024/extract-data-002883.hwpx	대법원	2024	hwpx	token	3	3	
u_extract_data-002884	extract-data	kind	KIND_OK	samples/특허청/2024/extract-data-002884.hwp	특허청	2024	hwp	date	4	4	
u_extract_data-002885	extract-data	kind	KIND_OK	samples/교육부/2024/extract-data-002885.hwpx	교육부	2024	hwpx	amount	5	5	
u_extract_data-002886	extract-data	kind	KIND_OK	samples/보건복지부/2024/extract-data-002886.hwp	보건복지부	2024	hwp	number	6	6	
u_extract_data-002887	extract-data	kind	KIND_OK	samples/국토교통부/2024/extract-data-002887.hwpx	국토교통부	2024	hwpx	all	7	7	
u_extract_data-002888	extract-data	kind	KIND_OK	samples/고용노동부/2024/extract-data-002888.hwp	고용노동부	2024	hwp	date	8	8	
u_extract_data-002889	extract-data	kind	COUNT_DRIFT	samples/외교부/2024/extract-data-002889.hwpx	외교부	2024	hwpx	amount	9	10	
u_extract_data-002890	extract-data	kind	KIND_UNKNOWN	samples/기획재정부/2024/extract-data-002890.hwp	기획재정부	2024	hwp	token	10	10	
u_extract_data-002891	extract-data	kind	KIND_OK	samples/공정거래위원회/2024/extract-data-002891.hwpx	공정거래위원회	2024	hwpx	date	11	11	
u_extract_data-002892	extract-data	kind	KIND_OK	samples/금융위원회/2024/extract-data-002892.hwp	금융위원회	2024	hwp	amount	0	0	
u_extract_data-002893	extract-data	kind	KIND_OK	samples/통계청/2024/extract-data-002893.hwpx	통계청	2024	hwpx	number	1	1	
u_extract_data-002894	extract-data	kind	KIND_OK	samples/기상청/2024/extract-data-002894.hwp	기상청	2024	hwp	all	2	2	
u_extract_data-002895	extract-data	kind	KIND_OK	samples/관세청/2024/extract-data-002895.hwpx	관세청	2024	hwpx	date	3	3	
u_extract_data-002896	extract-data	kind	COUNT_DRIFT	samples/검찰청/2024/extract-data-002896.hwp	검찰청	2024	hwp	amount	4	5	
u_extract_data-002897	extract-data	kind	KIND_UNKNOWN	samples/경찰청/2024/extract-data-002897.hwpx	경찰청	2024	hwpx	token	5	5	
u_extract_data-002898	extract-data	kind	KIND_OK	samples/소방청/2024/extract-data-002898.hwp	소방청	2024	hwp	date	6	6	
u_extract_data-002899	extract-data	kind	KIND_OK	samples/병무청/2024/extract-data-002899.hwpx	병무청	2024	hwpx	amount	7	7	
u_extract_data-002900	extract-data	kind	KIND_OK	samples/산림청/2024/extract-data-002900.hwp	산림청	2024	hwp	number	8	8	
u_extract_data-002901	extract-data	kind	KIND_OK	samples/중소벤처기업부/2024/extract-data-002901.hwpx	중소벤처기업부	2024	hwpx	all	9	9	
u_extract_data-002902	extract-data	kind	KIND_OK	samples/과학기술정보통신부/2024/extract-data-002902.hwp	과학기술정보통신부	2024	hwp	date	10	10	
u_extract_data-002903	extract-data	kind	COUNT_DRIFT	samples/문화체육관광부/2024/extract-data-002903.hwpx	문화체육관광부	2024	hwpx	amount	11	12	
u_extract_data-002904	extract-data	kind	KIND_UNKNOWN	samples/환경부/2024/extract-data-002904.hwp	환경부	2024	hwp	token	0	0	
u_extract_data-002905	extract-data	kind	KIND_OK	samples/해양수산부/2024/extract-data-002905.hwpx	해양수산부	2024	hwpx	date	1	1	
u_extract_data-002906	extract-data	kind	KIND_OK	samples/서울특별시/2024/extract-data-002906.hwp	서울특별시	2024	hwp	amount	2	2	
u_extract_data-002907	extract-data	kind	KIND_OK	samples/경기도/2024/extract-data-002907.hwpx	경기도	2024	hwpx	number	3	3	
u_extract_data-002908	extract-data	kind	KIND_OK	samples/부산광역시/2024/extract-data-002908.hwp	부산광역시	2024	hwp	all	4	4	
u_extract_data-002909	extract-data	kind	KIND_OK	samples/제주특별자치도/2024/extract-data-002909.hwpx	제주특별자치도	2024	hwpx	date	5	5	
u_extract_data-002910	extract-data	kind	COUNT_DRIFT	samples/법제처/2025/extract-data-002910.hwp	법제처	2025	hwp	amount	6	7	
u_extract_data-002911	extract-data	kind	KIND_UNKNOWN	samples/행정안전부/2025/extract-data-002911.hwpx	행정안전부	2025	hwpx	token	7	7	
u_extract_data-002912	extract-data	kind	KIND_OK	samples/국세청/2025/extract-data-002912.hwp	국세청	2025	hwp	date	8	8	
u_extract_data-002913	extract-data	kind	KIND_OK	samples/대법원/2025/extract-data-002913.hwpx	대법원	2025	hwpx	amount	9	9	
u_extract_data-002914	extract-data	kind	KIND_OK	samples/특허청/2025/extract-data-002914.hwp	특허청	2025	hwp	number	10	10	
u_extract_data-002915	extract-data	kind	KIND_OK	samples/교육부/2025/extract-data-002915.hwpx	교육부	2025	hwpx	all	11	11	
u_extract_data-002916	extract-data	kind	KIND_OK	samples/보건복지부/2025/extract-data-002916.hwp	보건복지부	2025	hwp	date	0	0	
u_extract_data-002917	extract-data	kind	COUNT_DRIFT	samples/국토교통부/2025/extract-data-002917.hwpx	국토교통부	2025	hwpx	amount	1	2	
u_extract_data-002918	extract-data	kind	KIND_UNKNOWN	samples/고용노동부/2025/extract-data-002918.hwp	고용노동부	2025	hwp	token	2	2	
u_extract_data-002919	extract-data	kind	KIND_OK	samples/외교부/2025/extract-data-002919.hwpx	외교부	2025	hwpx	date	3	3	
u_extract_data-002920	extract-data	kind	KIND_OK	samples/기획재정부/2025/extract-data-002920.hwp	기획재정부	2025	hwp	amount	4	4	
u_extract_data-002921	extract-data	kind	KIND_OK	samples/공정거래위원회/2025/extract-data-002921.hwpx	공정거래위원회	2025	hwpx	number	5	5	
u_extract_data-002922	extract-data	kind	KIND_OK	samples/금융위원회/2025/extract-data-002922.hwp	금융위원회	2025	hwp	all	6	6	
u_extract_data-002923	extract-data	kind	KIND_OK	samples/통계청/2025/extract-data-002923.hwpx	통계청	2025	hwpx	date	7	7	
u_extract_data-002924	extract-data	kind	COUNT_DRIFT	samples/기상청/2025/extract-data-002924.hwp	기상청	2025	hwp	amount	8	9	
u_extract_data-002925	extract-data	kind	KIND_UNKNOWN	samples/관세청/2025/extract-data-002925.hwpx	관세청	2025	hwpx	token	9	9	
u_extract_data-002926	extract-data	kind	KIND_OK	samples/검찰청/2025/extract-data-002926.hwp	검찰청	2025	hwp	date	10	10	
u_extract_data-002927	extract-data	kind	KIND_OK	samples/경찰청/2025/extract-data-002927.hwpx	경찰청	2025	hwpx	amount	11	11	
u_extract_data-002928	extract-data	kind	KIND_OK	samples/소방청/2025/extract-data-002928.hwp	소방청	2025	hwp	number	0	0	
u_extract_data-002929	extract-data	kind	KIND_OK	samples/병무청/2025/extract-data-002929.hwpx	병무청	2025	hwpx	all	1	1	
u_extract_data-002930	extract-data	kind	KIND_OK	samples/산림청/2025/extract-data-002930.hwp	산림청	2025	hwp	date	2	2	
u_extract_data-002931	extract-data	kind	COUNT_DRIFT	samples/중소벤처기업부/2025/extract-data-002931.hwpx	중소벤처기업부	2025	hwpx	amount	3	4	
u_extract_data-002932	extract-data	kind	KIND_UNKNOWN	samples/과학기술정보통신부/2025/extract-data-002932.hwp	과학기술정보통신부	2025	hwp	token	4	4	
u_extract_data-002933	extract-data	kind	KIND_OK	samples/문화체육관광부/2025/extract-data-002933.hwpx	문화체육관광부	2025	hwpx	date	5	5	
u_extract_data-002934	extract-data	kind	KIND_OK	samples/환경부/2025/extract-data-002934.hwp	환경부	2025	hwp	amount	6	6	
u_extract_data-002935	extract-data	kind	KIND_OK	samples/해양수산부/2025/extract-data-002935.hwpx	해양수산부	2025	hwpx	number	7	7	
u_extract_data-002936	extract-data	kind	KIND_OK	samples/서울특별시/2025/extract-data-002936.hwp	서울특별시	2025	hwp	all	8	8	
u_extract_data-002937	extract-data	kind	KIND_OK	samples/경기도/2025/extract-data-002937.hwpx	경기도	2025	hwpx	date	9	9	
u_extract_data-002938	extract-data	kind	COUNT_DRIFT	samples/부산광역시/2025/extract-data-002938.hwp	부산광역시	2025	hwp	amount	10	11	
u_extract_data-002939	extract-data	kind	KIND_UNKNOWN	samples/제주특별자치도/2025/extract-data-002939.hwpx	제주특별자치도	2025	hwpx	token	11	11	
u_extract_data-002940	extract-data	kind	KIND_OK	samples/법제처/2026/extract-data-002940.hwp	법제처	2026	hwp	date	0	0	
u_extract_data-002941	extract-data	kind	KIND_OK	samples/행정안전부/2026/extract-data-002941.hwpx	행정안전부	2026	hwpx	amount	1	1	
u_extract_data-002942	extract-data	kind	KIND_OK	samples/국세청/2026/extract-data-002942.hwp	국세청	2026	hwp	number	2	2	
u_extract_data-002943	extract-data	kind	KIND_OK	samples/대법원/2026/extract-data-002943.hwpx	대법원	2026	hwpx	all	3	3	
u_extract_data-002944	extract-data	kind	KIND_OK	samples/특허청/2026/extract-data-002944.hwp	특허청	2026	hwp	date	4	4	
u_extract_data-002945	extract-data	kind	COUNT_DRIFT	samples/교육부/2026/extract-data-002945.hwpx	교육부	2026	hwpx	amount	5	6	
u_extract_data-002946	extract-data	kind	KIND_UNKNOWN	samples/보건복지부/2026/extract-data-002946.hwp	보건복지부	2026	hwp	token	6	6	
u_extract_data-002947	extract-data	kind	KIND_OK	samples/국토교통부/2026/extract-data-002947.hwpx	국토교통부	2026	hwpx	date	7	7	
u_extract_data-002948	extract-data	kind	KIND_OK	samples/고용노동부/2026/extract-data-002948.hwp	고용노동부	2026	hwp	amount	8	8	
u_extract_data-002949	extract-data	kind	KIND_OK	samples/외교부/2026/extract-data-002949.hwpx	외교부	2026	hwpx	number	9	9	
u_extract_data-002950	extract-data	kind	KIND_OK	samples/기획재정부/2026/extract-data-002950.hwp	기획재정부	2026	hwp	all	10	10	
u_extract_data-002951	extract-data	kind	KIND_OK	samples/공정거래위원회/2026/extract-data-002951.hwpx	공정거래위원회	2026	hwpx	date	11	11	
u_extract_data-002952	extract-data	kind	COUNT_DRIFT	samples/금융위원회/2026/extract-data-002952.hwp	금융위원회	2026	hwp	amount	0	1	
u_extract_data-002953	extract-data	kind	KIND_UNKNOWN	samples/통계청/2026/extract-data-002953.hwpx	통계청	2026	hwpx	token	1	1	
u_extract_data-002954	extract-data	kind	KIND_OK	samples/기상청/2026/extract-data-002954.hwp	기상청	2026	hwp	date	2	2	
u_extract_data-002955	extract-data	kind	KIND_OK	samples/관세청/2026/extract-data-002955.hwpx	관세청	2026	hwpx	amount	3	3	
u_extract_data-002956	extract-data	kind	KIND_OK	samples/검찰청/2026/extract-data-002956.hwp	검찰청	2026	hwp	number	4	4	
u_extract_data-002957	extract-data	kind	KIND_OK	samples/경찰청/2026/extract-data-002957.hwpx	경찰청	2026	hwpx	all	5	5	
u_extract_data-002958	extract-data	kind	KIND_OK	samples/소방청/2026/extract-data-002958.hwp	소방청	2026	hwp	date	6	6	
u_extract_data-002959	extract-data	kind	COUNT_DRIFT	samples/병무청/2026/extract-data-002959.hwpx	병무청	2026	hwpx	amount	7	8	
u_extract_data-002960	extract-data	kind	KIND_UNKNOWN	samples/산림청/2026/extract-data-002960.hwp	산림청	2026	hwp	token	8	8	
u_extract_data-002961	extract-data	kind	KIND_OK	samples/중소벤처기업부/2026/extract-data-002961.hwpx	중소벤처기업부	2026	hwpx	date	9	9	
u_extract_data-002962	extract-data	kind	KIND_OK	samples/과학기술정보통신부/2026/extract-data-002962.hwp	과학기술정보통신부	2026	hwp	amount	10	10	
u_extract_data-002963	extract-data	kind	KIND_OK	samples/문화체육관광부/2026/extract-data-002963.hwpx	문화체육관광부	2026	hwpx	number	11	11	
u_extract_data-002964	extract-data	kind	KIND_OK	samples/환경부/2026/extract-data-002964.hwp	환경부	2026	hwp	all	0	0	
u_extract_data-002965	extract-data	kind	KIND_OK	samples/해양수산부/2026/extract-data-002965.hwpx	해양수산부	2026	hwpx	date	1	1	
u_extract_data-002966	extract-data	kind	COUNT_DRIFT	samples/서울특별시/2026/extract-data-002966.hwp	서울특별시	2026	hwp	amount	2	3	
u_extract_data-002967	extract-data	kind	KIND_UNKNOWN	samples/경기도/2026/extract-data-002967.hwpx	경기도	2026	hwpx	token	3	3	
u_extract_data-002968	extract-data	kind	KIND_OK	samples/부산광역시/2026/extract-data-002968.hwp	부산광역시	2026	hwp	date	4	4	
u_extract_data-002969	extract-data	kind	KIND_OK	samples/제주특별자치도/2026/extract-data-002969.hwpx	제주특별자치도	2026	hwpx	amount	5	5	
u_extract_data-002970	extract-data	kind	KIND_OK	samples/법제처/2016/extract-data-002970.hwp	법제처	2016	hwp	number	6	6	
u_extract_data-002971	extract-data	kind	KIND_OK	samples/행정안전부/2016/extract-data-002971.hwpx	행정안전부	2016	hwpx	all	7	7	
u_extract_data-002972	extract-data	kind	KIND_OK	samples/국세청/2016/extract-data-002972.hwp	국세청	2016	hwp	date	8	8	
u_extract_data-002973	extract-data	kind	COUNT_DRIFT	samples/대법원/2016/extract-data-002973.hwpx	대법원	2016	hwpx	amount	9	10	
u_extract_data-002974	extract-data	kind	KIND_UNKNOWN	samples/특허청/2016/extract-data-002974.hwp	특허청	2016	hwp	token	10	10	
u_extract_data-002975	extract-data	kind	KIND_OK	samples/교육부/2016/extract-data-002975.hwpx	교육부	2016	hwpx	date	11	11	
u_extract_data-002976	extract-data	kind	KIND_OK	samples/보건복지부/2016/extract-data-002976.hwp	보건복지부	2016	hwp	amount	0	0	
u_extract_data-002977	extract-data	kind	KIND_OK	samples/국토교통부/2016/extract-data-002977.hwpx	국토교통부	2016	hwpx	number	1	1	
u_extract_data-002978	extract-data	kind	KIND_OK	samples/고용노동부/2016/extract-data-002978.hwp	고용노동부	2016	hwp	all	2	2	
u_extract_data-002979	extract-data	kind	KIND_OK	samples/외교부/2016/extract-data-002979.hwpx	외교부	2016	hwpx	date	3	3	
u_extract_data-002980	extract-data	kind	COUNT_DRIFT	samples/기획재정부/2016/extract-data-002980.hwp	기획재정부	2016	hwp	amount	4	5	
u_extract_data-002981	extract-data	kind	KIND_UNKNOWN	samples/공정거래위원회/2016/extract-data-002981.hwpx	공정거래위원회	2016	hwpx	token	5	5	
u_extract_data-002982	extract-data	kind	KIND_OK	samples/금융위원회/2016/extract-data-002982.hwp	금융위원회	2016	hwp	date	6	6	
u_extract_data-002983	extract-data	kind	KIND_OK	samples/통계청/2016/extract-data-002983.hwpx	통계청	2016	hwpx	amount	7	7	
u_extract_data-002984	extract-data	kind	KIND_OK	samples/기상청/2016/extract-data-002984.hwp	기상청	2016	hwp	number	8	8	
u_extract_data-002985	extract-data	kind	KIND_OK	samples/관세청/2016/extract-data-002985.hwpx	관세청	2016	hwpx	all	9	9	
u_extract_data-002986	extract-data	kind	KIND_OK	samples/검찰청/2016/extract-data-002986.hwp	검찰청	2016	hwp	date	10	10	
u_extract_data-002987	extract-data	kind	COUNT_DRIFT	samples/경찰청/2016/extract-data-002987.hwpx	경찰청	2016	hwpx	amount	11	12	
u_extract_data-002988	extract-data	kind	KIND_UNKNOWN	samples/소방청/2016/extract-data-002988.hwp	소방청	2016	hwp	token	0	0	
u_extract_data-002989	extract-data	kind	KIND_OK	samples/병무청/2016/extract-data-002989.hwpx	병무청	2016	hwpx	date	1	1	
u_extract_data-002990	extract-data	kind	KIND_OK	samples/산림청/2016/extract-data-002990.hwp	산림청	2016	hwp	amount	2	2	
u_extract_data-002991	extract-data	kind	KIND_OK	samples/중소벤처기업부/2016/extract-data-002991.hwpx	중소벤처기업부	2016	hwpx	number	3	3	
u_extract_data-002992	extract-data	kind	KIND_OK	samples/과학기술정보통신부/2016/extract-data-002992.hwp	과학기술정보통신부	2016	hwp	all	4	4	
u_extract_data-002993	extract-data	kind	KIND_OK	samples/문화체육관광부/2016/extract-data-002993.hwpx	문화체육관광부	2016	hwpx	date	5	5	
u_extract_data-002994	extract-data	kind	COUNT_DRIFT	samples/환경부/2016/extract-data-002994.hwp	환경부	2016	hwp	amount	6	7	
u_extract_data-002995	extract-data	kind	KIND_UNKNOWN	samples/해양수산부/2016/extract-data-002995.hwpx	해양수산부	2016	hwpx	token	7	7	
u_extract_data-002996	extract-data	kind	KIND_OK	samples/서울특별시/2016/extract-data-002996.hwp	서울특별시	2016	hwp	date	8	8	
u_extract_data-002997	extract-data	kind	KIND_OK	samples/경기도/2016/extract-data-002997.hwpx	경기도	2016	hwpx	amount	9	9	
u_extract_data-002998	extract-data	kind	KIND_OK	samples/부산광역시/2016/extract-data-002998.hwp	부산광역시	2016	hwp	number	10	10	
u_extract_data-002999	extract-data	kind	KIND_OK	samples/제주특별자치도/2016/extract-data-002999.hwpx	제주특별자치도	2016	hwpx	all	11	11	
u_extract_data-003000	extract-data	kind	KIND_OK	samples/법제처/2017/extract-data-003000.hwp	법제처	2017	hwp	date	0	0	
u_extract_data-003001	extract-data	kind	COUNT_DRIFT	samples/행정안전부/2017/extract-data-003001.hwpx	행정안전부	2017	hwpx	amount	1	2	
u_extract_data-003002	extract-data	kind	KIND_UNKNOWN	samples/국세청/2017/extract-data-003002.hwp	국세청	2017	hwp	token	2	2	
u_extract_data-003003	extract-data	kind	KIND_OK	samples/대법원/2017/extract-data-003003.hwpx	대법원	2017	hwpx	date	3	3	
u_extract_data-003004	extract-data	kind	KIND_OK	samples/특허청/2017/extract-data-003004.hwp	특허청	2017	hwp	amount	4	4	
u_extract_data-003005	extract-data	kind	KIND_OK	samples/교육부/2017/extract-data-003005.hwpx	교육부	2017	hwpx	number	5	5	
u_extract_data-003006	extract-data	kind	KIND_OK	samples/보건복지부/2017/extract-data-003006.hwp	보건복지부	2017	hwp	all	6	6	
u_extract_data-003007	extract-data	kind	KIND_OK	samples/국토교통부/2017/extract-data-003007.hwpx	국토교통부	2017	hwpx	date	7	7	
u_extract_data-003008	extract-data	kind	COUNT_DRIFT	samples/고용노동부/2017/extract-data-003008.hwp	고용노동부	2017	hwp	amount	8	9	
u_extract_data-003009	extract-data	kind	KIND_UNKNOWN	samples/외교부/2017/extract-data-003009.hwpx	외교부	2017	hwpx	token	9	9	
u_extract_data-003010	extract-data	kind	KIND_OK	samples/기획재정부/2017/extract-data-003010.hwp	기획재정부	2017	hwp	date	10	10	
u_extract_data-003011	extract-data	kind	KIND_OK	samples/공정거래위원회/2017/extract-data-003011.hwpx	공정거래위원회	2017	hwpx	amount	11	11	
u_extract_data-003012	extract-data	kind	KIND_OK	samples/금융위원회/2017/extract-data-003012.hwp	금융위원회	2017	hwp	number	0	0	
u_extract_data-003013	extract-data	kind	KIND_OK	samples/통계청/2017/extract-data-003013.hwpx	통계청	2017	hwpx	all	1	1	
u_extract_data-003014	extract-data	kind	KIND_OK	samples/기상청/2017/extract-data-003014.hwp	기상청	2017	hwp	date	2	2	
u_extract_data-003015	extract-data	kind	COUNT_DRIFT	samples/관세청/2017/extract-data-003015.hwpx	관세청	2017	hwpx	amount	3	4	
u_extract_data-003016	extract-data	kind	KIND_UNKNOWN	samples/검찰청/2017/extract-data-003016.hwp	검찰청	2017	hwp	token	4	4	
u_extract_data-003017	extract-data	kind	KIND_OK	samples/경찰청/2017/extract-data-003017.hwpx	경찰청	2017	hwpx	date	5	5	
u_extract_data-003018	extract-data	kind	KIND_OK	samples/소방청/2017/extract-data-003018.hwp	소방청	2017	hwp	amount	6	6	
u_extract_data-003019	extract-data	kind	KIND_OK	samples/병무청/2017/extract-data-003019.hwpx	병무청	2017	hwpx	number	7	7	
u_extract_data-003020	extract-data	kind	KIND_OK	samples/산림청/2017/extract-data-003020.hwp	산림청	2017	hwp	all	8	8	
u_extract_data-003021	extract-data	kind	KIND_OK	samples/중소벤처기업부/2017/extract-data-003021.hwpx	중소벤처기업부	2017	hwpx	date	9	9	
u_extract_data-003022	extract-data	kind	COUNT_DRIFT	samples/과학기술정보통신부/2017/extract-data-003022.hwp	과학기술정보통신부	2017	hwp	amount	10	11	
u_extract_data-003023	extract-data	kind	KIND_UNKNOWN	samples/문화체육관광부/2017/extract-data-003023.hwpx	문화체육관광부	2017	hwpx	token	11	11	
u_extract_data-003024	extract-data	kind	KIND_OK	samples/환경부/2017/extract-data-003024.hwp	환경부	2017	hwp	date	0	0	
u_extract_data-003025	extract-data	kind	KIND_OK	samples/해양수산부/2017/extract-data-003025.hwpx	해양수산부	2017	hwpx	amount	1	1	
u_extract_data-003026	extract-data	kind	KIND_OK	samples/서울특별시/2017/extract-data-003026.hwp	서울특별시	2017	hwp	number	2	2	
u_extract_data-003027	extract-data	kind	KIND_OK	samples/경기도/2017/extract-data-003027.hwpx	경기도	2017	hwpx	all	3	3	
u_extract_data-003028	extract-data	kind	KIND_OK	samples/부산광역시/2017/extract-data-003028.hwp	부산광역시	2017	hwp	date	4	4	
u_extract_data-003029	extract-data	kind	COUNT_DRIFT	samples/제주특별자치도/2017/extract-data-003029.hwpx	제주특별자치도	2017	hwpx	amount	5	6	
u_extract_data-003030	extract-data	kind	KIND_UNKNOWN	samples/법제처/2018/extract-data-003030.hwp	법제처	2018	hwp	token	6	6	
u_extract_data-003031	extract-data	kind	KIND_OK	samples/행정안전부/2018/extract-data-003031.hwpx	행정안전부	2018	hwpx	date	7	7	
u_extract_data-003032	extract-data	kind	KIND_OK	samples/국세청/2018/extract-data-003032.hwp	국세청	2018	hwp	amount	8	8	
u_extract_data-003033	extract-data	kind	KIND_OK	samples/대법원/2018/extract-data-003033.hwpx	대법원	2018	hwpx	number	9	9	
u_extract_data-003034	extract-data	kind	KIND_OK	samples/특허청/2018/extract-data-003034.hwp	특허청	2018	hwp	all	10	10	
u_extract_data-003035	extract-data	kind	KIND_OK	samples/교육부/2018/extract-data-003035.hwpx	교육부	2018	hwpx	date	11	11	
u_extract_data-003036	extract-data	kind	COUNT_DRIFT	samples/보건복지부/2018/extract-data-003036.hwp	보건복지부	2018	hwp	amount	0	1	
u_extract_data-003037	extract-data	kind	KIND_UNKNOWN	samples/국토교통부/2018/extract-data-003037.hwpx	국토교통부	2018	hwpx	token	1	1	
u_extract_data-003038	extract-data	kind	KIND_OK	samples/고용노동부/2018/extract-data-003038.hwp	고용노동부	2018	hwp	date	2	2	
u_extract_data-003039	extract-data	kind	KIND_OK	samples/외교부/2018/extract-data-003039.hwpx	외교부	2018	hwpx	amount	3	3	
u_extract_data-003040	extract-data	kind	KIND_OK	samples/기획재정부/2018/extract-data-003040.hwp	기획재정부	2018	hwp	number	4	4	
u_extract_data-003041	extract-data	kind	KIND_OK	samples/공정거래위원회/2018/extract-data-003041.hwpx	공정거래위원회	2018	hwpx	all	5	5	
u_extract_data-003042	extract-data	kind	KIND_OK	samples/금융위원회/2018/extract-data-003042.hwp	금융위원회	2018	hwp	date	6	6	
u_extract_data-003043	extract-data	kind	COUNT_DRIFT	samples/통계청/2018/extract-data-003043.hwpx	통계청	2018	hwpx	amount	7	8	
u_extract_data-003044	extract-data	kind	KIND_UNKNOWN	samples/기상청/2018/extract-data-003044.hwp	기상청	2018	hwp	token	8	8	
u_extract_data-003045	extract-data	kind	KIND_OK	samples/관세청/2018/extract-data-003045.hwpx	관세청	2018	hwpx	date	9	9	
u_extract_data-003046	extract-data	kind	KIND_OK	samples/검찰청/2018/extract-data-003046.hwp	검찰청	2018	hwp	amount	10	10	
u_extract_data-003047	extract-data	kind	KIND_OK	samples/경찰청/2018/extract-data-003047.hwpx	경찰청	2018	hwpx	number	11	11	
u_extract_data-003048	extract-data	kind	KIND_OK	samples/소방청/2018/extract-data-003048.hwp	소방청	2018	hwp	all	0	0	
u_extract_data-003049	extract-data	kind	KIND_OK	samples/병무청/2018/extract-data-003049.hwpx	병무청	2018	hwpx	date	1	1	
u_extract_data-003050	extract-data	kind	COUNT_DRIFT	samples/산림청/2018/extract-data-003050.hwp	산림청	2018	hwp	amount	2	3	
u_extract_data-003051	extract-data	kind	KIND_UNKNOWN	samples/중소벤처기업부/2018/extract-data-003051.hwpx	중소벤처기업부	2018	hwpx	token	3	3	
u_extract_data-003052	extract-data	kind	KIND_OK	samples/과학기술정보통신부/2018/extract-data-003052.hwp	과학기술정보통신부	2018	hwp	date	4	4	
u_extract_data-003053	extract-data	kind	KIND_OK	samples/문화체육관광부/2018/extract-data-003053.hwpx	문화체육관광부	2018	hwpx	amount	5	5	
u_extract_data-003054	extract-data	kind	KIND_OK	samples/환경부/2018/extract-data-003054.hwp	환경부	2018	hwp	number	6	6	
u_extract_data-003055	extract-data	kind	KIND_OK	samples/해양수산부/2018/extract-data-003055.hwpx	해양수산부	2018	hwpx	all	7	7	
u_extract_data-003056	extract-data	kind	KIND_OK	samples/서울특별시/2018/extract-data-003056.hwp	서울특별시	2018	hwp	date	8	8	
u_extract_data-003057	extract-data	kind	COUNT_DRIFT	samples/경기도/2018/extract-data-003057.hwpx	경기도	2018	hwpx	amount	9	10	
u_extract_data-003058	extract-data	kind	KIND_UNKNOWN	samples/부산광역시/2018/extract-data-003058.hwp	부산광역시	2018	hwp	token	10	10	
u_extract_data-003059	extract-data	kind	KIND_OK	samples/제주특별자치도/2018/extract-data-003059.hwpx	제주특별자치도	2018	hwpx	date	11	11	
u_extract_data-003060	extract-data	kind	KIND_OK	samples/법제처/2019/extract-data-003060.hwp	법제처	2019	hwp	amount	0	0	
u_extract_data-003061	extract-data	kind	KIND_OK	samples/행정안전부/2019/extract-data-003061.hwpx	행정안전부	2019	hwpx	number	1	1	
u_extract_data-003062	extract-data	kind	KIND_OK	samples/국세청/2019/extract-data-003062.hwp	국세청	2019	hwp	all	2	2	
u_extract_data-003063	extract-data	kind	KIND_OK	samples/대법원/2019/extract-data-003063.hwpx	대법원	2019	hwpx	date	3	3	
u_extract_data-003064	extract-data	kind	COUNT_DRIFT	samples/특허청/2019/extract-data-003064.hwp	특허청	2019	hwp	amount	4	5	
u_extract_data-003065	extract-data	kind	KIND_UNKNOWN	samples/교육부/2019/extract-data-003065.hwpx	교육부	2019	hwpx	token	5	5	
u_extract_data-003066	extract-data	kind	KIND_OK	samples/보건복지부/2019/extract-data-003066.hwp	보건복지부	2019	hwp	date	6	6	
u_extract_data-003067	extract-data	kind	KIND_OK	samples/국토교통부/2019/extract-data-003067.hwpx	국토교통부	2019	hwpx	amount	7	7	
u_extract_data-003068	extract-data	kind	KIND_OK	samples/고용노동부/2019/extract-data-003068.hwp	고용노동부	2019	hwp	number	8	8	
u_extract_data-003069	extract-data	kind	KIND_OK	samples/외교부/2019/extract-data-003069.hwpx	외교부	2019	hwpx	all	9	9	
u_extract_data-003070	extract-data	kind	KIND_OK	samples/기획재정부/2019/extract-data-003070.hwp	기획재정부	2019	hwp	date	10	10	
u_extract_data-003071	extract-data	kind	COUNT_DRIFT	samples/공정거래위원회/2019/extract-data-003071.hwpx	공정거래위원회	2019	hwpx	amount	11	12	
u_extract_data-003072	extract-data	kind	KIND_UNKNOWN	samples/금융위원회/2019/extract-data-003072.hwp	금융위원회	2019	hwp	token	0	0	
u_extract_data-003073	extract-data	kind	KIND_OK	samples/통계청/2019/extract-data-003073.hwpx	통계청	2019	hwpx	date	1	1	
u_extract_data-003074	extract-data	kind	KIND_OK	samples/기상청/2019/extract-data-003074.hwp	기상청	2019	hwp	amount	2	2	
u_extract_data-003075	extract-data	kind	KIND_OK	samples/관세청/2019/extract-data-003075.hwpx	관세청	2019	hwpx	number	3	3	
u_extract_data-003076	extract-data	kind	KIND_OK	samples/검찰청/2019/extract-data-003076.hwp	검찰청	2019	hwp	all	4	4	
u_extract_data-003077	extract-data	kind	KIND_OK	samples/경찰청/2019/extract-data-003077.hwpx	경찰청	2019	hwpx	date	5	5	
u_extract_data-003078	extract-data	kind	COUNT_DRIFT	samples/소방청/2019/extract-data-003078.hwp	소방청	2019	hwp	amount	6	7	
u_extract_data-003079	extract-data	kind	KIND_UNKNOWN	samples/병무청/2019/extract-data-003079.hwpx	병무청	2019	hwpx	token	7	7	
u_extract_data-003080	extract-data	kind	KIND_OK	samples/산림청/2019/extract-data-003080.hwp	산림청	2019	hwp	date	8	8	
u_extract_data-003081	extract-data	kind	KIND_OK	samples/중소벤처기업부/2019/extract-data-003081.hwpx	중소벤처기업부	2019	hwpx	amount	9	9	
u_extract_data-003082	extract-data	kind	KIND_OK	samples/과학기술정보통신부/2019/extract-data-003082.hwp	과학기술정보통신부	2019	hwp	number	10	10	
u_extract_data-003083	extract-data	kind	KIND_OK	samples/문화체육관광부/2019/extract-data-003083.hwpx	문화체육관광부	2019	hwpx	all	11	11	
u_extract_data-003084	extract-data	kind	KIND_OK	samples/환경부/2019/extract-data-003084.hwp	환경부	2019	hwp	date	0	0	
u_extract_data-003085	extract-data	kind	COUNT_DRIFT	samples/해양수산부/2019/extract-data-003085.hwpx	해양수산부	2019	hwpx	amount	1	2	
u_extract_data-003086	extract-data	kind	KIND_UNKNOWN	samples/서울특별시/2019/extract-data-003086.hwp	서울특별시	2019	hwp	token	2	2	
u_extract_data-003087	extract-data	kind	KIND_OK	samples/경기도/2019/extract-data-003087.hwpx	경기도	2019	hwpx	date	3	3	
u_extract_data-003088	extract-data	kind	KIND_OK	samples/부산광역시/2019/extract-data-003088.hwp	부산광역시	2019	hwp	amount	4	4	
u_extract_data-003089	extract-data	kind	KIND_OK	samples/제주특별자치도/2019/extract-data-003089.hwpx	제주특별자치도	2019	hwpx	number	5	5	
u_extract_data-003090	extract-data	kind	KIND_OK	samples/법제처/2020/extract-data-003090.hwp	법제처	2020	hwp	all	6	6	
u_extract_data-003091	extract-data	kind	KIND_OK	samples/행정안전부/2020/extract-data-003091.hwpx	행정안전부	2020	hwpx	date	7	7	
u_extract_data-003092	extract-data	kind	COUNT_DRIFT	samples/국세청/2020/extract-data-003092.hwp	국세청	2020	hwp	amount	8	9	
u_extract_data-003093	extract-data	kind	KIND_UNKNOWN	samples/대법원/2020/extract-data-003093.hwpx	대법원	2020	hwpx	token	9	9	
u_extract_data-003094	extract-data	kind	KIND_OK	samples/특허청/2020/extract-data-003094.hwp	특허청	2020	hwp	date	10	10	
u_extract_data-003095	extract-data	kind	KIND_OK	samples/교육부/2020/extract-data-003095.hwpx	교육부	2020	hwpx	amount	11	11	
u_extract_data-003096	extract-data	kind	KIND_OK	samples/보건복지부/2020/extract-data-003096.hwp	보건복지부	2020	hwp	number	0	0	
u_extract_data-003097	extract-data	kind	KIND_OK	samples/국토교통부/2020/extract-data-003097.hwpx	국토교통부	2020	hwpx	all	1	1	
u_extract_data-003098	extract-data	kind	KIND_OK	samples/고용노동부/2020/extract-data-003098.hwp	고용노동부	2020	hwp	date	2	2	
u_extract_data-003099	extract-data	kind	COUNT_DRIFT	samples/외교부/2020/extract-data-003099.hwpx	외교부	2020	hwpx	amount	3	4	
u_extract_data-003100	extract-data	kind	KIND_UNKNOWN	samples/기획재정부/2020/extract-data-003100.hwp	기획재정부	2020	hwp	token	4	4	
u_extract_data-003101	extract-data	kind	KIND_OK	samples/공정거래위원회/2020/extract-data-003101.hwpx	공정거래위원회	2020	hwpx	date	5	5	
u_extract_data-003102	extract-data	kind	KIND_OK	samples/금융위원회/2020/extract-data-003102.hwp	금융위원회	2020	hwp	amount	6	6	
u_extract_data-003103	extract-data	kind	KIND_OK	samples/통계청/2020/extract-data-003103.hwpx	통계청	2020	hwpx	number	7	7	
u_extract_data-003104	extract-data	kind	KIND_OK	samples/기상청/2020/extract-data-003104.hwp	기상청	2020	hwp	all	8	8	
u_extract_data-003105	extract-data	kind	KIND_OK	samples/관세청/2020/extract-data-003105.hwpx	관세청	2020	hwpx	date	9	9	
u_extract_data-003106	extract-data	kind	COUNT_DRIFT	samples/검찰청/2020/extract-data-003106.hwp	검찰청	2020	hwp	amount	10	11	
u_extract_data-003107	extract-data	kind	KIND_UNKNOWN	samples/경찰청/2020/extract-data-003107.hwpx	경찰청	2020	hwpx	token	11	11	
u_extract_data-003108	extract-data	kind	KIND_OK	samples/소방청/2020/extract-data-003108.hwp	소방청	2020	hwp	date	0	0	
u_extract_data-003109	extract-data	kind	KIND_OK	samples/병무청/2020/extract-data-003109.hwpx	병무청	2020	hwpx	amount	1	1	
u_extract_data-003110	extract-data	kind	KIND_OK	samples/산림청/2020/extract-data-003110.hwp	산림청	2020	hwp	number	2	2	
u_extract_data-003111	extract-data	kind	KIND_OK	samples/중소벤처기업부/2020/extract-data-003111.hwpx	중소벤처기업부	2020	hwpx	all	3	3	
u_extract_data-003112	extract-data	kind	KIND_OK	samples/과학기술정보통신부/2020/extract-data-003112.hwp	과학기술정보통신부	2020	hwp	date	4	4	
u_extract_data-003113	extract-data	kind	COUNT_DRIFT	samples/문화체육관광부/2020/extract-data-003113.hwpx	문화체육관광부	2020	hwpx	amount	5	6	
u_extract_data-003114	extract-data	kind	KIND_UNKNOWN	samples/환경부/2020/extract-data-003114.hwp	환경부	2020	hwp	token	6	6	
u_extract_data-003115	extract-data	kind	KIND_OK	samples/해양수산부/2020/extract-data-003115.hwpx	해양수산부	2020	hwpx	date	7	7	
u_extract_data-003116	extract-data	kind	KIND_OK	samples/서울특별시/2020/extract-data-003116.hwp	서울특별시	2020	hwp	amount	8	8	
u_extract_data-003117	extract-data	kind	KIND_OK	samples/경기도/2020/extract-data-003117.hwpx	경기도	2020	hwpx	number	9	9	
u_extract_data-003118	extract-data	kind	KIND_OK	samples/부산광역시/2020/extract-data-003118.hwp	부산광역시	2020	hwp	all	10	10	
u_extract_data-003119	extract-data	kind	KIND_OK	samples/제주특별자치도/2020/extract-data-003119.hwpx	제주특별자치도	2020	hwpx	date	11	11	
u_extract_data-003120	extract-data	kind	COUNT_DRIFT	samples/법제처/2021/extract-data-003120.hwp	법제처	2021	hwp	amount	0	1	
u_extract_data-003121	extract-data	kind	KIND_UNKNOWN	samples/행정안전부/2021/extract-data-003121.hwpx	행정안전부	2021	hwpx	token	1	1	
u_extract_data-003122	extract-data	kind	KIND_OK	samples/국세청/2021/extract-data-003122.hwp	국세청	2021	hwp	date	2	2	
u_extract_data-003123	extract-data	kind	KIND_OK	samples/대법원/2021/extract-data-003123.hwpx	대법원	2021	hwpx	amount	3	3	
u_extract_data-003124	extract-data	kind	KIND_OK	samples/특허청/2021/extract-data-003124.hwp	특허청	2021	hwp	number	4	4	
u_extract_data-003125	extract-data	kind	KIND_OK	samples/교육부/2021/extract-data-003125.hwpx	교육부	2021	hwpx	all	5	5	
u_extract_data-003126	extract-data	kind	KIND_OK	samples/보건복지부/2021/extract-data-003126.hwp	보건복지부	2021	hwp	date	6	6	
u_extract_data-003127	extract-data	kind	COUNT_DRIFT	samples/국토교통부/2021/extract-data-003127.hwpx	국토교통부	2021	hwpx	amount	7	8	
u_extract_data-003128	extract-data	kind	KIND_UNKNOWN	samples/고용노동부/2021/extract-data-003128.hwp	고용노동부	2021	hwp	token	8	8	
u_extract_data-003129	extract-data	kind	KIND_OK	samples/외교부/2021/extract-data-003129.hwpx	외교부	2021	hwpx	date	9	9	
u_extract_data-003130	extract-data	kind	KIND_OK	samples/기획재정부/2021/extract-data-003130.hwp	기획재정부	2021	hwp	amount	10	10	
u_extract_data-003131	extract-data	kind	KIND_OK	samples/공정거래위원회/2021/extract-data-003131.hwpx	공정거래위원회	2021	hwpx	number	11	11	
u_extract_data-003132	extract-data	kind	KIND_OK	samples/금융위원회/2021/extract-data-003132.hwp	금융위원회	2021	hwp	all	0	0	
u_extract_data-003133	extract-data	kind	KIND_OK	samples/통계청/2021/extract-data-003133.hwpx	통계청	2021	hwpx	date	1	1	
u_extract_data-003134	extract-data	kind	COUNT_DRIFT	samples/기상청/2021/extract-data-003134.hwp	기상청	2021	hwp	amount	2	3	
u_extract_data-003135	extract-data	kind	KIND_UNKNOWN	samples/관세청/2021/extract-data-003135.hwpx	관세청	2021	hwpx	token	3	3	
u_extract_data-003136	extract-data	kind	KIND_OK	samples/검찰청/2021/extract-data-003136.hwp	검찰청	2021	hwp	date	4	4	
u_extract_data-003137	extract-data	kind	KIND_OK	samples/경찰청/2021/extract-data-003137.hwpx	경찰청	2021	hwpx	amount	5	5	
u_extract_data-003138	extract-data	kind	KIND_OK	samples/소방청/2021/extract-data-003138.hwp	소방청	2021	hwp	number	6	6	
u_extract_data-003139	extract-data	kind	KIND_OK	samples/병무청/2021/extract-data-003139.hwpx	병무청	2021	hwpx	all	7	7	
u_extract_data-003140	extract-data	kind	KIND_OK	samples/산림청/2021/extract-data-003140.hwp	산림청	2021	hwp	date	8	8	
u_extract_data-003141	extract-data	kind	COUNT_DRIFT	samples/중소벤처기업부/2021/extract-data-003141.hwpx	중소벤처기업부	2021	hwpx	amount	9	10	
u_extract_data-003142	extract-data	kind	KIND_UNKNOWN	samples/과학기술정보통신부/2021/extract-data-003142.hwp	과학기술정보통신부	2021	hwp	token	10	10	
u_extract_data-003143	extract-data	kind	KIND_OK	samples/문화체육관광부/2021/extract-data-003143.hwpx	문화체육관광부	2021	hwpx	date	11	11	
u_extract_data-003144	extract-data	kind	KIND_OK	samples/환경부/2021/extract-data-003144.hwp	환경부	2021	hwp	amount	0	0	
u_extract_data-003145	extract-data	kind	KIND_OK	samples/해양수산부/2021/extract-data-003145.hwpx	해양수산부	2021	hwpx	number	1	1	
u_extract_data-003146	extract-data	kind	KIND_OK	samples/서울특별시/2021/extract-data-003146.hwp	서울특별시	2021	hwp	all	2	2	
u_extract_data-003147	extract-data	kind	KIND_OK	samples/경기도/2021/extract-data-003147.hwpx	경기도	2021	hwpx	date	3	3	
u_extract_data-003148	extract-data	kind	COUNT_DRIFT	samples/부산광역시/2021/extract-data-003148.hwp	부산광역시	2021	hwp	amount	4	5	
u_extract_data-003149	extract-data	kind	KIND_UNKNOWN	samples/제주특별자치도/2021/extract-data-003149.hwpx	제주특별자치도	2021	hwpx	token	5	5	
u_extract_data-003150	extract-data	kind	KIND_OK	samples/법제처/2022/extract-data-003150.hwp	법제처	2022	hwp	date	6	6	
u_extract_data-003151	extract-data	kind	KIND_OK	samples/행정안전부/2022/extract-data-003151.hwpx	행정안전부	2022	hwpx	amount	7	7	
u_extract_data-003152	extract-data	kind	KIND_OK	samples/국세청/2022/extract-data-003152.hwp	국세청	2022	hwp	number	8	8	
u_extract_data-003153	extract-data	kind	KIND_OK	samples/대법원/2022/extract-data-003153.hwpx	대법원	2022	hwpx	all	9	9	
u_extract_data-003154	extract-data	kind	KIND_OK	samples/특허청/2022/extract-data-003154.hwp	특허청	2022	hwp	date	10	10	
u_extract_data-003155	extract-data	kind	COUNT_DRIFT	samples/교육부/2022/extract-data-003155.hwpx	교육부	2022	hwpx	amount	11	12	
u_extract_data-003156	extract-data	kind	KIND_UNKNOWN	samples/보건복지부/2022/extract-data-003156.hwp	보건복지부	2022	hwp	token	0	0	
u_extract_data-003157	extract-data	kind	KIND_OK	samples/국토교통부/2022/extract-data-003157.hwpx	국토교통부	2022	hwpx	date	1	1	
u_extract_data-003158	extract-data	kind	KIND_OK	samples/고용노동부/2022/extract-data-003158.hwp	고용노동부	2022	hwp	amount	2	2	
u_extract_data-003159	extract-data	kind	KIND_OK	samples/외교부/2022/extract-data-003159.hwpx	외교부	2022	hwpx	number	3	3	
u_extract_data-003160	extract-data	kind	KIND_OK	samples/기획재정부/2022/extract-data-003160.hwp	기획재정부	2022	hwp	all	4	4	
u_extract_data-003161	extract-data	kind	KIND_OK	samples/공정거래위원회/2022/extract-data-003161.hwpx	공정거래위원회	2022	hwpx	date	5	5	
u_extract_data-003162	extract-data	kind	COUNT_DRIFT	samples/금융위원회/2022/extract-data-003162.hwp	금융위원회	2022	hwp	amount	6	7	
u_extract_data-003163	extract-data	kind	KIND_UNKNOWN	samples/통계청/2022/extract-data-003163.hwpx	통계청	2022	hwpx	token	7	7	
u_extract_data-003164	extract-data	kind	KIND_OK	samples/기상청/2022/extract-data-003164.hwp	기상청	2022	hwp	date	8	8	
u_extract_data-003165	extract-data	kind	KIND_OK	samples/관세청/2022/extract-data-003165.hwpx	관세청	2022	hwpx	amount	9	9	
u_extract_data-003166	extract-data	kind	KIND_OK	samples/검찰청/2022/extract-data-003166.hwp	검찰청	2022	hwp	number	10	10	
u_extract_data-003167	extract-data	kind	KIND_OK	samples/경찰청/2022/extract-data-003167.hwpx	경찰청	2022	hwpx	all	11	11	
u_extract_data-003168	extract-data	kind	KIND_OK	samples/소방청/2022/extract-data-003168.hwp	소방청	2022	hwp	date	0	0	
u_extract_data-003169	extract-data	kind	COUNT_DRIFT	samples/병무청/2022/extract-data-003169.hwpx	병무청	2022	hwpx	amount	1	2	
u_extract_data-003170	extract-data	kind	KIND_UNKNOWN	samples/산림청/2022/extract-data-003170.hwp	산림청	2022	hwp	token	2	2	
u_extract_data-003171	extract-data	kind	KIND_OK	samples/중소벤처기업부/2022/extract-data-003171.hwpx	중소벤처기업부	2022	hwpx	date	3	3	
u_extract_data-003172	extract-data	kind	KIND_OK	samples/과학기술정보통신부/2022/extract-data-003172.hwp	과학기술정보통신부	2022	hwp	amount	4	4	
u_extract_data-003173	extract-data	kind	KIND_OK	samples/문화체육관광부/2022/extract-data-003173.hwpx	문화체육관광부	2022	hwpx	number	5	5	
u_extract_data-003174	extract-data	kind	KIND_OK	samples/환경부/2022/extract-data-003174.hwp	환경부	2022	hwp	all	6	6	
u_extract_data-003175	extract-data	kind	KIND_OK	samples/해양수산부/2022/extract-data-003175.hwpx	해양수산부	2022	hwpx	date	7	7	
u_extract_data-003176	extract-data	kind	COUNT_DRIFT	samples/서울특별시/2022/extract-data-003176.hwp	서울특별시	2022	hwp	amount	8	9	
u_extract_data-003177	extract-data	kind	KIND_UNKNOWN	samples/경기도/2022/extract-data-003177.hwpx	경기도	2022	hwpx	token	9	9	
u_extract_data-003178	extract-data	kind	KIND_OK	samples/부산광역시/2022/extract-data-003178.hwp	부산광역시	2022	hwp	date	10	10	
u_extract_data-003179	extract-data	kind	KIND_OK	samples/제주특별자치도/2022/extract-data-003179.hwpx	제주특별자치도	2022	hwpx	amount	11	11	
u_extract_data-003180	extract-data	kind	KIND_OK	samples/법제처/2023/extract-data-003180.hwp	법제처	2023	hwp	number	0	0	
u_extract_data-003181	extract-data	kind	KIND_OK	samples/행정안전부/2023/extract-data-003181.hwpx	행정안전부	2023	hwpx	all	1	1	
u_extract_data-003182	extract-data	kind	KIND_OK	samples/국세청/2023/extract-data-003182.hwp	국세청	2023	hwp	date	2	2	
u_extract_data-003183	extract-data	kind	COUNT_DRIFT	samples/대법원/2023/extract-data-003183.hwpx	대법원	2023	hwpx	amount	3	4	
u_extract_data-003184	extract-data	kind	KIND_UNKNOWN	samples/특허청/2023/extract-data-003184.hwp	특허청	2023	hwp	token	4	4	
u_extract_data-003185	extract-data	kind	KIND_OK	samples/교육부/2023/extract-data-003185.hwpx	교육부	2023	hwpx	date	5	5	
u_extract_data-003186	extract-data	kind	KIND_OK	samples/보건복지부/2023/extract-data-003186.hwp	보건복지부	2023	hwp	amount	6	6	
u_extract_data-003187	extract-data	kind	KIND_OK	samples/국토교통부/2023/extract-data-003187.hwpx	국토교통부	2023	hwpx	number	7	7	
u_extract_data-003188	extract-data	kind	KIND_OK	samples/고용노동부/2023/extract-data-003188.hwp	고용노동부	2023	hwp	all	8	8	
u_extract_data-003189	extract-data	kind	KIND_OK	samples/외교부/2023/extract-data-003189.hwpx	외교부	2023	hwpx	date	9	9	
u_extract_data-003190	extract-data	kind	COUNT_DRIFT	samples/기획재정부/2023/extract-data-003190.hwp	기획재정부	2023	hwp	amount	10	11	
u_extract_data-003191	extract-data	kind	KIND_UNKNOWN	samples/공정거래위원회/2023/extract-data-003191.hwpx	공정거래위원회	2023	hwpx	token	11	11	
u_extract_data-003192	extract-data	kind	KIND_OK	samples/금융위원회/2023/extract-data-003192.hwp	금융위원회	2023	hwp	date	0	0	
u_extract_data-003193	extract-data	kind	KIND_OK	samples/통계청/2023/extract-data-003193.hwpx	통계청	2023	hwpx	amount	1	1	
u_extract_data-003194	extract-data	kind	KIND_OK	samples/기상청/2023/extract-data-003194.hwp	기상청	2023	hwp	number	2	2	
u_extract_data-003195	extract-data	kind	KIND_OK	samples/관세청/2023/extract-data-003195.hwpx	관세청	2023	hwpx	all	3	3	
u_extract_data-003196	extract-data	kind	KIND_OK	samples/검찰청/2023/extract-data-003196.hwp	검찰청	2023	hwp	date	4	4	
u_extract_data-003197	extract-data	kind	COUNT_DRIFT	samples/경찰청/2023/extract-data-003197.hwpx	경찰청	2023	hwpx	amount	5	6	
u_extract_data-003198	extract-data	kind	KIND_UNKNOWN	samples/소방청/2023/extract-data-003198.hwp	소방청	2023	hwp	token	6	6	
u_extract_data-003199	extract-data	kind	KIND_OK	samples/병무청/2023/extract-data-003199.hwpx	병무청	2023	hwpx	date	7	7	
u_extract_data-003200	extract-data	kind	KIND_OK	samples/산림청/2023/extract-data-003200.hwp	산림청	2023	hwp	amount	8	8	
u_extract_data-003201	extract-data	kind	KIND_OK	samples/중소벤처기업부/2023/extract-data-003201.hwpx	중소벤처기업부	2023	hwpx	number	9	9	
u_extract_data-003202	extract-data	kind	KIND_OK	samples/과학기술정보통신부/2023/extract-data-003202.hwp	과학기술정보통신부	2023	hwp	all	10	10	
u_extract_data-003203	extract-data	kind	KIND_OK	samples/문화체육관광부/2023/extract-data-003203.hwpx	문화체육관광부	2023	hwpx	date	11	11	
u_extract_data-003204	extract-data	kind	COUNT_DRIFT	samples/환경부/2023/extract-data-003204.hwp	환경부	2023	hwp	amount	0	1	
u_extract_data-003205	extract-data	kind	KIND_UNKNOWN	samples/해양수산부/2023/extract-data-003205.hwpx	해양수산부	2023	hwpx	token	1	1	
u_extract_data-003206	extract-data	kind	KIND_OK	samples/서울특별시/2023/extract-data-003206.hwp	서울특별시	2023	hwp	date	2	2	
u_extract_data-003207	extract-data	kind	KIND_OK	samples/경기도/2023/extract-data-003207.hwpx	경기도	2023	hwpx	amount	3	3	
u_extract_data-003208	extract-data	kind	KIND_OK	samples/부산광역시/2023/extract-data-003208.hwp	부산광역시	2023	hwp	number	4	4	
u_extract_data-003209	extract-data	kind	KIND_OK	samples/제주특별자치도/2023/extract-data-003209.hwpx	제주특별자치도	2023	hwpx	all	5	5	
u_extract_data-003210	extract-data	kind	KIND_OK	samples/법제처/2024/extract-data-003210.hwp	법제처	2024	hwp	date	6	6	
u_extract_data-003211	extract-data	kind	COUNT_DRIFT	samples/행정안전부/2024/extract-data-003211.hwpx	행정안전부	2024	hwpx	amount	7	8	
u_extract_data-003212	extract-data	kind	KIND_UNKNOWN	samples/국세청/2024/extract-data-003212.hwp	국세청	2024	hwp	token	8	8	
u_extract_data-003213	extract-data	kind	KIND_OK	samples/대법원/2024/extract-data-003213.hwpx	대법원	2024	hwpx	date	9	9	
u_extract_data-003214	extract-data	kind	KIND_OK	samples/특허청/2024/extract-data-003214.hwp	특허청	2024	hwp	amount	10	10	
u_extract_data-003215	extract-data	kind	KIND_OK	samples/교육부/2024/extract-data-003215.hwpx	교육부	2024	hwpx	number	11	11	
u_extract_data-003216	extract-data	kind	KIND_OK	samples/보건복지부/2024/extract-data-003216.hwp	보건복지부	2024	hwp	all	0	0	
u_extract_data-003217	extract-data	kind	KIND_OK	samples/국토교통부/2024/extract-data-003217.hwpx	국토교통부	2024	hwpx	date	1	1	
u_extract_data-003218	extract-data	kind	COUNT_DRIFT	samples/고용노동부/2024/extract-data-003218.hwp	고용노동부	2024	hwp	amount	2	3	
u_extract_data-003219	extract-data	kind	KIND_UNKNOWN	samples/외교부/2024/extract-data-003219.hwpx	외교부	2024	hwpx	token	3	3	
u_extract_data-003220	extract-data	kind	KIND_OK	samples/기획재정부/2024/extract-data-003220.hwp	기획재정부	2024	hwp	date	4	4	
u_extract_data-003221	extract-data	kind	KIND_OK	samples/공정거래위원회/2024/extract-data-003221.hwpx	공정거래위원회	2024	hwpx	amount	5	5	
u_extract_data-003222	extract-data	kind	KIND_OK	samples/금융위원회/2024/extract-data-003222.hwp	금융위원회	2024	hwp	number	6	6	
u_extract_data-003223	extract-data	kind	KIND_OK	samples/통계청/2024/extract-data-003223.hwpx	통계청	2024	hwpx	all	7	7	
u_extract_data-003224	extract-data	kind	KIND_OK	samples/기상청/2024/extract-data-003224.hwp	기상청	2024	hwp	date	8	8	
u_extract_data-003225	extract-data	kind	COUNT_DRIFT	samples/관세청/2024/extract-data-003225.hwpx	관세청	2024	hwpx	amount	9	10	
u_extract_data-003226	extract-data	kind	KIND_UNKNOWN	samples/검찰청/2024/extract-data-003226.hwp	검찰청	2024	hwp	token	10	10	
u_extract_data-003227	extract-data	kind	KIND_OK	samples/경찰청/2024/extract-data-003227.hwpx	경찰청	2024	hwpx	date	11	11	
u_extract_data-003228	extract-data	kind	KIND_OK	samples/소방청/2024/extract-data-003228.hwp	소방청	2024	hwp	amount	0	0	
u_extract_data-003229	extract-data	kind	KIND_OK	samples/병무청/2024/extract-data-003229.hwpx	병무청	2024	hwpx	number	1	1	
u_extract_data-003230	extract-data	kind	KIND_OK	samples/산림청/2024/extract-data-003230.hwp	산림청	2024	hwp	all	2	2	
u_extract_data-003231	extract-data	kind	KIND_OK	samples/중소벤처기업부/2024/extract-data-003231.hwpx	중소벤처기업부	2024	hwpx	date	3	3	
u_extract_data-003232	extract-data	kind	COUNT_DRIFT	samples/과학기술정보통신부/2024/extract-data-003232.hwp	과학기술정보통신부	2024	hwp	amount	4	5	
u_extract_data-003233	extract-data	kind	KIND_UNKNOWN	samples/문화체육관광부/2024/extract-data-003233.hwpx	문화체육관광부	2024	hwpx	token	5	5	
u_extract_data-003234	extract-data	kind	KIND_OK	samples/환경부/2024/extract-data-003234.hwp	환경부	2024	hwp	date	6	6	
u_extract_data-003235	extract-data	kind	KIND_OK	samples/해양수산부/2024/extract-data-003235.hwpx	해양수산부	2024	hwpx	amount	7	7	
u_extract_data-003236	extract-data	kind	KIND_OK	samples/서울특별시/2024/extract-data-003236.hwp	서울특별시	2024	hwp	number	8	8	
u_extract_data-003237	extract-data	kind	KIND_OK	samples/경기도/2024/extract-data-003237.hwpx	경기도	2024	hwpx	all	9	9	
u_extract_data-003238	extract-data	kind	KIND_OK	samples/부산광역시/2024/extract-data-003238.hwp	부산광역시	2024	hwp	date	10	10	
u_extract_data-003239	extract-data	kind	COUNT_DRIFT	samples/제주특별자치도/2024/extract-data-003239.hwpx	제주특별자치도	2024	hwpx	amount	11	12	
u_extract_data-003240	extract-data	kind	KIND_UNKNOWN	samples/법제처/2025/extract-data-003240.hwp	법제처	2025	hwp	token	0	0	
u_extract_data-003241	extract-data	kind	KIND_OK	samples/행정안전부/2025/extract-data-003241.hwpx	행정안전부	2025	hwpx	date	1	1	
u_extract_data-003242	extract-data	kind	KIND_OK	samples/국세청/2025/extract-data-003242.hwp	국세청	2025	hwp	amount	2	2	
u_extract_data-003243	extract-data	kind	KIND_OK	samples/대법원/2025/extract-data-003243.hwpx	대법원	2025	hwpx	number	3	3	
u_extract_data-003244	extract-data	kind	KIND_OK	samples/특허청/2025/extract-data-003244.hwp	특허청	2025	hwp	all	4	4	
u_extract_data-003245	extract-data	kind	KIND_OK	samples/교육부/2025/extract-data-003245.hwpx	교육부	2025	hwpx	date	5	5	
u_extract_data-003246	extract-data	kind	COUNT_DRIFT	samples/보건복지부/2025/extract-data-003246.hwp	보건복지부	2025	hwp	amount	6	7	
u_extract_data-003247	extract-data	kind	KIND_UNKNOWN	samples/국토교통부/2025/extract-data-003247.hwpx	국토교통부	2025	hwpx	token	7	7	
u_extract_data-003248	extract-data	kind	KIND_OK	samples/고용노동부/2025/extract-data-003248.hwp	고용노동부	2025	hwp	date	8	8	
u_extract_data-003249	extract-data	kind	KIND_OK	samples/외교부/2025/extract-data-003249.hwpx	외교부	2025	hwpx	amount	9	9	
u_extract_data-003250	extract-data	kind	KIND_OK	samples/기획재정부/2025/extract-data-003250.hwp	기획재정부	2025	hwp	number	10	10	
u_extract_data-003251	extract-data	kind	KIND_OK	samples/공정거래위원회/2025/extract-data-003251.hwpx	공정거래위원회	2025	hwpx	all	11	11	
u_extract_data-003252	extract-data	kind	KIND_OK	samples/금융위원회/2025/extract-data-003252.hwp	금융위원회	2025	hwp	date	0	0	
u_extract_data-003253	extract-data	kind	COUNT_DRIFT	samples/통계청/2025/extract-data-003253.hwpx	통계청	2025	hwpx	amount	1	2	
u_extract_data-003254	extract-data	kind	KIND_UNKNOWN	samples/기상청/2025/extract-data-003254.hwp	기상청	2025	hwp	token	2	2	
u_extract_data-003255	extract-data	kind	KIND_OK	samples/관세청/2025/extract-data-003255.hwpx	관세청	2025	hwpx	date	3	3	
u_extract_data-003256	extract-data	kind	KIND_OK	samples/검찰청/2025/extract-data-003256.hwp	검찰청	2025	hwp	amount	4	4	
u_extract_data-003257	extract-data	kind	KIND_OK	samples/경찰청/2025/extract-data-003257.hwpx	경찰청	2025	hwpx	number	5	5	
u_extract_data-003258	extract-data	kind	KIND_OK	samples/소방청/2025/extract-data-003258.hwp	소방청	2025	hwp	all	6	6	
u_extract_data-003259	extract-data	kind	KIND_OK	samples/병무청/2025/extract-data-003259.hwpx	병무청	2025	hwpx	date	7	7	
u_extract_data-003260	extract-data	kind	COUNT_DRIFT	samples/산림청/2025/extract-data-003260.hwp	산림청	2025	hwp	amount	8	9	
u_extract_data-003261	extract-data	kind	KIND_UNKNOWN	samples/중소벤처기업부/2025/extract-data-003261.hwpx	중소벤처기업부	2025	hwpx	token	9	9	
u_extract_data-003262	extract-data	kind	KIND_OK	samples/과학기술정보통신부/2025/extract-data-003262.hwp	과학기술정보통신부	2025	hwp	date	10	10	
u_extract_data-003263	extract-data	kind	KIND_OK	samples/문화체육관광부/2025/extract-data-003263.hwpx	문화체육관광부	2025	hwpx	amount	11	11	
u_extract_data-003264	extract-data	kind	KIND_OK	samples/환경부/2025/extract-data-003264.hwp	환경부	2025	hwp	number	0	0	
u_extract_data-003265	extract-data	kind	KIND_OK	samples/해양수산부/2025/extract-data-003265.hwpx	해양수산부	2025	hwpx	all	1	1	
u_extract_data-003266	extract-data	kind	KIND_OK	samples/서울특별시/2025/extract-data-003266.hwp	서울특별시	2025	hwp	date	2	2	
u_extract_data-003267	extract-data	kind	COUNT_DRIFT	samples/경기도/2025/extract-data-003267.hwpx	경기도	2025	hwpx	amount	3	4	
u_extract_data-003268	extract-data	kind	KIND_UNKNOWN	samples/부산광역시/2025/extract-data-003268.hwp	부산광역시	2025	hwp	token	4	4	
u_extract_data-003269	extract-data	kind	KIND_OK	samples/제주특별자치도/2025/extract-data-003269.hwpx	제주특별자치도	2025	hwpx	date	5	5	
u_extract_data-003270	extract-data	kind	KIND_OK	samples/법제처/2026/extract-data-003270.hwp	법제처	2026	hwp	amount	6	6	
u_extract_data-003271	extract-data	kind	KIND_OK	samples/행정안전부/2026/extract-data-003271.hwpx	행정안전부	2026	hwpx	number	7	7	
u_extract_data-003272	extract-data	kind	KIND_OK	samples/국세청/2026/extract-data-003272.hwp	국세청	2026	hwp	all	8	8	
u_extract_data-003273	extract-data	kind	KIND_OK	samples/대법원/2026/extract-data-003273.hwpx	대법원	2026	hwpx	date	9	9	
u_extract_data-003274	extract-data	kind	COUNT_DRIFT	samples/특허청/2026/extract-data-003274.hwp	특허청	2026	hwp	amount	10	11	
u_extract_data-003275	extract-data	kind	KIND_UNKNOWN	samples/교육부/2026/extract-data-003275.hwpx	교육부	2026	hwpx	token	11	11	
u_extract_data-003276	extract-data	kind	KIND_OK	samples/보건복지부/2026/extract-data-003276.hwp	보건복지부	2026	hwp	date	0	0	
u_extract_data-003277	extract-data	kind	KIND_OK	samples/국토교통부/2026/extract-data-003277.hwpx	국토교통부	2026	hwpx	amount	1	1	
u_extract_data-003278	extract-data	kind	KIND_OK	samples/고용노동부/2026/extract-data-003278.hwp	고용노동부	2026	hwp	number	2	2	
u_extract_data-003279	extract-data	kind	KIND_OK	samples/외교부/2026/extract-data-003279.hwpx	외교부	2026	hwpx	all	3	3	
u_extract_data-003280	extract-data	kind	KIND_OK	samples/기획재정부/2026/extract-data-003280.hwp	기획재정부	2026	hwp	date	4	4	
u_extract_data-003281	extract-data	kind	COUNT_DRIFT	samples/공정거래위원회/2026/extract-data-003281.hwpx	공정거래위원회	2026	hwpx	amount	5	6	
u_extract_data-003282	extract-data	kind	KIND_UNKNOWN	samples/금융위원회/2026/extract-data-003282.hwp	금융위원회	2026	hwp	token	6	6	
u_extract_data-003283	extract-data	kind	KIND_OK	samples/통계청/2026/extract-data-003283.hwpx	통계청	2026	hwpx	date	7	7	
u_extract_data-003284	extract-data	kind	KIND_OK	samples/기상청/2026/extract-data-003284.hwp	기상청	2026	hwp	amount	8	8	
u_extract_data-003285	extract-data	kind	KIND_OK	samples/관세청/2026/extract-data-003285.hwpx	관세청	2026	hwpx	number	9	9	
u_extract_data-003286	extract-data	kind	KIND_OK	samples/검찰청/2026/extract-data-003286.hwp	검찰청	2026	hwp	all	10	10	
u_extract_data-003287	extract-data	kind	KIND_OK	samples/경찰청/2026/extract-data-003287.hwpx	경찰청	2026	hwpx	date	11	11	
u_extract_data-003288	extract-data	kind	COUNT_DRIFT	samples/소방청/2026/extract-data-003288.hwp	소방청	2026	hwp	amount	0	1	
u_extract_data-003289	extract-data	kind	KIND_UNKNOWN	samples/병무청/2026/extract-data-003289.hwpx	병무청	2026	hwpx	token	1	1	
u_extract_data-003290	extract-data	kind	KIND_OK	samples/산림청/2026/extract-data-003290.hwp	산림청	2026	hwp	date	2	2	
u_extract_data-003291	extract-data	kind	KIND_OK	samples/중소벤처기업부/2026/extract-data-003291.hwpx	중소벤처기업부	2026	hwpx	amount	3	3	
u_extract_data-003292	extract-data	kind	KIND_OK	samples/과학기술정보통신부/2026/extract-data-003292.hwp	과학기술정보통신부	2026	hwp	number	4	4	
u_extract_data-003293	extract-data	kind	KIND_OK	samples/문화체육관광부/2026/extract-data-003293.hwpx	문화체육관광부	2026	hwpx	all	5	5	
u_extract_data-003294	extract-data	kind	KIND_OK	samples/환경부/2026/extract-data-003294.hwp	환경부	2026	hwp	date	6	6	
u_extract_data-003295	extract-data	kind	COUNT_DRIFT	samples/해양수산부/2026/extract-data-003295.hwpx	해양수산부	2026	hwpx	amount	7	8	
u_extract_data-003296	extract-data	kind	KIND_UNKNOWN	samples/서울특별시/2026/extract-data-003296.hwp	서울특별시	2026	hwp	token	8	8	
u_extract_data-003297	extract-data	kind	KIND_OK	samples/경기도/2026/extract-data-003297.hwpx	경기도	2026	hwpx	date	9	9	
u_extract_data-003298	extract-data	kind	KIND_OK	samples/부산광역시/2026/extract-data-003298.hwp	부산광역시	2026	hwp	amount	10	10	
u_extract_data-003299	extract-data	kind	KIND_OK	samples/제주특별자치도/2026/extract-data-003299.hwpx	제주특별자치도	2026	hwpx	number	11	11	
u_extract_data-003300	extract-data	kind	KIND_OK	samples/법제처/2016/extract-data-003300.hwp	법제처	2016	hwp	all	0	0	
u_extract_data-003301	extract-data	kind	KIND_OK	samples/행정안전부/2016/extract-data-003301.hwpx	행정안전부	2016	hwpx	date	1	1	
u_extract_data-003302	extract-data	kind	COUNT_DRIFT	samples/국세청/2016/extract-data-003302.hwp	국세청	2016	hwp	amount	2	3	
u_extract_data-003303	extract-data	kind	KIND_UNKNOWN	samples/대법원/2016/extract-data-003303.hwpx	대법원	2016	hwpx	token	3	3	
u_extract_data-003304	extract-data	kind	KIND_OK	samples/특허청/2016/extract-data-003304.hwp	특허청	2016	hwp	date	4	4	
u_extract_data-003305	extract-data	kind	KIND_OK	samples/교육부/2016/extract-data-003305.hwpx	교육부	2016	hwpx	amount	5	5	
u_extract_data-003306	extract-data	kind	KIND_OK	samples/보건복지부/2016/extract-data-003306.hwp	보건복지부	2016	hwp	number	6	6	
u_extract_data-003307	extract-data	kind	KIND_OK	samples/국토교통부/2016/extract-data-003307.hwpx	국토교통부	2016	hwpx	all	7	7	
u_extract_data-003308	extract-data	kind	KIND_OK	samples/고용노동부/2016/extract-data-003308.hwp	고용노동부	2016	hwp	date	8	8	
u_extract_data-003309	extract-data	kind	COUNT_DRIFT	samples/외교부/2016/extract-data-003309.hwpx	외교부	2016	hwpx	amount	9	10	
u_extract_data-003310	extract-data	kind	KIND_UNKNOWN	samples/기획재정부/2016/extract-data-003310.hwp	기획재정부	2016	hwp	token	10	10	
u_extract_data-003311	extract-data	kind	KIND_OK	samples/공정거래위원회/2016/extract-data-003311.hwpx	공정거래위원회	2016	hwpx	date	11	11	
u_extract_data-003312	extract-data	kind	KIND_OK	samples/금융위원회/2016/extract-data-003312.hwp	금융위원회	2016	hwp	amount	0	0	
u_extract_data-003313	extract-data	kind	KIND_OK	samples/통계청/2016/extract-data-003313.hwpx	통계청	2016	hwpx	number	1	1	
u_extract_data-003314	extract-data	kind	KIND_OK	samples/기상청/2016/extract-data-003314.hwp	기상청	2016	hwp	all	2	2	
u_extract_data-003315	extract-data	kind	KIND_OK	samples/관세청/2016/extract-data-003315.hwpx	관세청	2016	hwpx	date	3	3	
u_extract_data-003316	extract-data	kind	COUNT_DRIFT	samples/검찰청/2016/extract-data-003316.hwp	검찰청	2016	hwp	amount	4	5	
u_extract_data-003317	extract-data	kind	KIND_UNKNOWN	samples/경찰청/2016/extract-data-003317.hwpx	경찰청	2016	hwpx	token	5	5	
u_extract_data-003318	extract-data	kind	KIND_OK	samples/소방청/2016/extract-data-003318.hwp	소방청	2016	hwp	date	6	6	
u_extract_data-003319	extract-data	kind	KIND_OK	samples/병무청/2016/extract-data-003319.hwpx	병무청	2016	hwpx	amount	7	7	
u_extract_data-003320	extract-data	kind	KIND_OK	samples/산림청/2016/extract-data-003320.hwp	산림청	2016	hwp	number	8	8	
u_extract_data-003321	extract-data	kind	KIND_OK	samples/중소벤처기업부/2016/extract-data-003321.hwpx	중소벤처기업부	2016	hwpx	all	9	9	
u_extract_data-003322	extract-data	kind	KIND_OK	samples/과학기술정보통신부/2016/extract-data-003322.hwp	과학기술정보통신부	2016	hwp	date	10	10	
u_extract_data-003323	extract-data	kind	COUNT_DRIFT	samples/문화체육관광부/2016/extract-data-003323.hwpx	문화체육관광부	2016	hwpx	amount	11	12	
u_extract_data-003324	extract-data	kind	KIND_UNKNOWN	samples/환경부/2016/extract-data-003324.hwp	환경부	2016	hwp	token	0	0	
u_extract_data-003325	extract-data	kind	KIND_OK	samples/해양수산부/2016/extract-data-003325.hwpx	해양수산부	2016	hwpx	date	1	1	
u_extract_data-003326	extract-data	kind	KIND_OK	samples/서울특별시/2016/extract-data-003326.hwp	서울특별시	2016	hwp	amount	2	2	
u_extract_data-003327	extract-data	kind	KIND_OK	samples/경기도/2016/extract-data-003327.hwpx	경기도	2016	hwpx	number	3	3	
u_extract_data-003328	extract-data	kind	KIND_OK	samples/부산광역시/2016/extract-data-003328.hwp	부산광역시	2016	hwp	all	4	4	
u_extract_data-003329	extract-data	kind	KIND_OK	samples/제주특별자치도/2016/extract-data-003329.hwpx	제주특별자치도	2016	hwpx	date	5	5	
u_extract_data-003330	extract-data	kind	COUNT_DRIFT	samples/법제처/2017/extract-data-003330.hwp	법제처	2017	hwp	amount	6	7	
u_extract_data-003331	extract-data	kind	KIND_UNKNOWN	samples/행정안전부/2017/extract-data-003331.hwpx	행정안전부	2017	hwpx	token	7	7	
u_extract_data-003332	extract-data	kind	KIND_OK	samples/국세청/2017/extract-data-003332.hwp	국세청	2017	hwp	date	8	8	
u_extract_data-003333	extract-data	kind	KIND_OK	samples/대법원/2017/extract-data-003333.hwpx	대법원	2017	hwpx	amount	9	9	
u_extract_data-003334	extract-data	kind	KIND_OK	samples/특허청/2017/extract-data-003334.hwp	특허청	2017	hwp	number	10	10	
u_extract_data-003335	extract-data	kind	KIND_OK	samples/교육부/2017/extract-data-003335.hwpx	교육부	2017	hwpx	all	11	11	
u_extract_data-003336	extract-data	kind	KIND_OK	samples/보건복지부/2017/extract-data-003336.hwp	보건복지부	2017	hwp	date	0	0	
u_extract_data-003337	extract-data	kind	COUNT_DRIFT	samples/국토교통부/2017/extract-data-003337.hwpx	국토교통부	2017	hwpx	amount	1	2	
u_extract_data-003338	extract-data	kind	KIND_UNKNOWN	samples/고용노동부/2017/extract-data-003338.hwp	고용노동부	2017	hwp	token	2	2	
u_extract_data-003339	extract-data	kind	KIND_OK	samples/외교부/2017/extract-data-003339.hwpx	외교부	2017	hwpx	date	3	3	
u_extract_data-003340	extract-data	kind	KIND_OK	samples/기획재정부/2017/extract-data-003340.hwp	기획재정부	2017	hwp	amount	4	4	
u_extract_data-003341	extract-data	kind	KIND_OK	samples/공정거래위원회/2017/extract-data-003341.hwpx	공정거래위원회	2017	hwpx	number	5	5	
u_extract_data-003342	extract-data	kind	KIND_OK	samples/금융위원회/2017/extract-data-003342.hwp	금융위원회	2017	hwp	all	6	6	
u_extract_data-003343	extract-data	kind	KIND_OK	samples/통계청/2017/extract-data-003343.hwpx	통계청	2017	hwpx	date	7	7	
u_extract_data-003344	extract-data	kind	COUNT_DRIFT	samples/기상청/2017/extract-data-003344.hwp	기상청	2017	hwp	amount	8	9	
u_extract_data-003345	extract-data	kind	KIND_UNKNOWN	samples/관세청/2017/extract-data-003345.hwpx	관세청	2017	hwpx	token	9	9	
u_extract_data-003346	extract-data	kind	KIND_OK	samples/검찰청/2017/extract-data-003346.hwp	검찰청	2017	hwp	date	10	10	
u_extract_data-003347	extract-data	kind	KIND_OK	samples/경찰청/2017/extract-data-003347.hwpx	경찰청	2017	hwpx	amount	11	11	
u_extract_data-003348	extract-data	kind	KIND_OK	samples/소방청/2017/extract-data-003348.hwp	소방청	2017	hwp	number	0	0	
u_extract_data-003349	extract-data	kind	KIND_OK	samples/병무청/2017/extract-data-003349.hwpx	병무청	2017	hwpx	all	1	1	
u_extract_data-003350	extract-data	kind	KIND_OK	samples/산림청/2017/extract-data-003350.hwp	산림청	2017	hwp	date	2	2	
u_extract_data-003351	extract-data	kind	COUNT_DRIFT	samples/중소벤처기업부/2017/extract-data-003351.hwpx	중소벤처기업부	2017	hwpx	amount	3	4	
u_extract_data-003352	extract-data	kind	KIND_UNKNOWN	samples/과학기술정보통신부/2017/extract-data-003352.hwp	과학기술정보통신부	2017	hwp	token	4	4	
u_extract_data-003353	extract-data	kind	KIND_OK	samples/문화체육관광부/2017/extract-data-003353.hwpx	문화체육관광부	2017	hwpx	date	5	5	
u_extract_data-003354	extract-data	kind	KIND_OK	samples/환경부/2017/extract-data-003354.hwp	환경부	2017	hwp	amount	6	6	
u_extract_data-003355	extract-data	kind	KIND_OK	samples/해양수산부/2017/extract-data-003355.hwpx	해양수산부	2017	hwpx	number	7	7	
u_extract_data-003356	extract-data	kind	KIND_OK	samples/서울특별시/2017/extract-data-003356.hwp	서울특별시	2017	hwp	all	8	8	
u_extract_data-003357	extract-data	kind	KIND_OK	samples/경기도/2017/extract-data-003357.hwpx	경기도	2017	hwpx	date	9	9	
u_extract_data-003358	extract-data	kind	COUNT_DRIFT	samples/부산광역시/2017/extract-data-003358.hwp	부산광역시	2017	hwp	amount	10	11	
u_extract_data-003359	extract-data	kind	KIND_UNKNOWN	samples/제주특별자치도/2017/extract-data-003359.hwpx	제주특별자치도	2017	hwpx	token	11	11	
u_extract_data-003360	extract-data	kind	KIND_OK	samples/법제처/2018/extract-data-003360.hwp	법제처	2018	hwp	date	0	0	
u_extract_data-003361	extract-data	kind	KIND_OK	samples/행정안전부/2018/extract-data-003361.hwpx	행정안전부	2018	hwpx	amount	1	1	
u_extract_data-003362	extract-data	kind	KIND_OK	samples/국세청/2018/extract-data-003362.hwp	국세청	2018	hwp	number	2	2	
u_extract_data-003363	extract-data	kind	KIND_OK	samples/대법원/2018/extract-data-003363.hwpx	대법원	2018	hwpx	all	3	3	
u_extract_data-003364	extract-data	kind	KIND_OK	samples/특허청/2018/extract-data-003364.hwp	특허청	2018	hwp	date	4	4	
u_extract_data-003365	extract-data	kind	COUNT_DRIFT	samples/교육부/2018/extract-data-003365.hwpx	교육부	2018	hwpx	amount	5	6	
u_extract_data-003366	extract-data	kind	KIND_UNKNOWN	samples/보건복지부/2018/extract-data-003366.hwp	보건복지부	2018	hwp	token	6	6	
u_extract_data-003367	extract-data	kind	KIND_OK	samples/국토교통부/2018/extract-data-003367.hwpx	국토교통부	2018	hwpx	date	7	7	
u_extract_data-003368	extract-data	kind	KIND_OK	samples/고용노동부/2018/extract-data-003368.hwp	고용노동부	2018	hwp	amount	8	8	
u_extract_data-003369	extract-data	kind	KIND_OK	samples/외교부/2018/extract-data-003369.hwpx	외교부	2018	hwpx	number	9	9	
u_extract_data-003370	extract-data	kind	KIND_OK	samples/기획재정부/2018/extract-data-003370.hwp	기획재정부	2018	hwp	all	10	10	
u_extract_data-003371	extract-data	kind	KIND_OK	samples/공정거래위원회/2018/extract-data-003371.hwpx	공정거래위원회	2018	hwpx	date	11	11	
u_extract_data-003372	extract-data	kind	COUNT_DRIFT	samples/금융위원회/2018/extract-data-003372.hwp	금융위원회	2018	hwp	amount	0	1	
u_extract_data-003373	extract-data	kind	KIND_UNKNOWN	samples/통계청/2018/extract-data-003373.hwpx	통계청	2018	hwpx	token	1	1	
u_extract_data-003374	extract-data	kind	KIND_OK	samples/기상청/2018/extract-data-003374.hwp	기상청	2018	hwp	date	2	2	
u_extract_data-003375	extract-data	kind	KIND_OK	samples/관세청/2018/extract-data-003375.hwpx	관세청	2018	hwpx	amount	3	3	
u_extract_data-003376	extract-data	kind	KIND_OK	samples/검찰청/2018/extract-data-003376.hwp	검찰청	2018	hwp	number	4	4	
u_extract_data-003377	extract-data	kind	KIND_OK	samples/경찰청/2018/extract-data-003377.hwpx	경찰청	2018	hwpx	all	5	5	
u_extract_data-003378	extract-data	kind	KIND_OK	samples/소방청/2018/extract-data-003378.hwp	소방청	2018	hwp	date	6	6	
u_extract_data-003379	extract-data	kind	COUNT_DRIFT	samples/병무청/2018/extract-data-003379.hwpx	병무청	2018	hwpx	amount	7	8	
u_extract_data-003380	extract-data	kind	KIND_UNKNOWN	samples/산림청/2018/extract-data-003380.hwp	산림청	2018	hwp	token	8	8	
u_extract_data-003381	extract-data	kind	KIND_OK	samples/중소벤처기업부/2018/extract-data-003381.hwpx	중소벤처기업부	2018	hwpx	date	9	9	
u_extract_data-003382	extract-data	kind	KIND_OK	samples/과학기술정보통신부/2018/extract-data-003382.hwp	과학기술정보통신부	2018	hwp	amount	10	10	
u_extract_data-003383	extract-data	kind	KIND_OK	samples/문화체육관광부/2018/extract-data-003383.hwpx	문화체육관광부	2018	hwpx	number	11	11	
u_extract_data-003384	extract-data	kind	KIND_OK	samples/환경부/2018/extract-data-003384.hwp	환경부	2018	hwp	all	0	0	
u_extract_data-003385	extract-data	kind	KIND_OK	samples/해양수산부/2018/extract-data-003385.hwpx	해양수산부	2018	hwpx	date	1	1	
u_extract_data-003386	extract-data	kind	COUNT_DRIFT	samples/서울특별시/2018/extract-data-003386.hwp	서울특별시	2018	hwp	amount	2	3	
u_extract_data-003387	extract-data	kind	KIND_UNKNOWN	samples/경기도/2018/extract-data-003387.hwpx	경기도	2018	hwpx	token	3	3	
u_extract_data-003388	extract-data	kind	KIND_OK	samples/부산광역시/2018/extract-data-003388.hwp	부산광역시	2018	hwp	date	4	4	
u_extract_data-003389	extract-data	kind	KIND_OK	samples/제주특별자치도/2018/extract-data-003389.hwpx	제주특별자치도	2018	hwpx	amount	5	5	
u_extract_data-003390	extract-data	kind	KIND_OK	samples/법제처/2019/extract-data-003390.hwp	법제처	2019	hwp	number	6	6	
u_extract_data-003391	extract-data	kind	KIND_OK	samples/행정안전부/2019/extract-data-003391.hwpx	행정안전부	2019	hwpx	all	7	7	
u_extract_data-003392	extract-data	kind	KIND_OK	samples/국세청/2019/extract-data-003392.hwp	국세청	2019	hwp	date	8	8	
u_extract_data-003393	extract-data	kind	COUNT_DRIFT	samples/대법원/2019/extract-data-003393.hwpx	대법원	2019	hwpx	amount	9	10	
u_extract_data-003394	extract-data	kind	KIND_UNKNOWN	samples/특허청/2019/extract-data-003394.hwp	특허청	2019	hwp	token	10	10	
u_extract_data-003395	extract-data	kind	KIND_OK	samples/교육부/2019/extract-data-003395.hwpx	교육부	2019	hwpx	date	11	11	
u_extract_data-003396	extract-data	kind	KIND_OK	samples/보건복지부/2019/extract-data-003396.hwp	보건복지부	2019	hwp	amount	0	0	
u_extract_data-003397	extract-data	kind	KIND_OK	samples/국토교통부/2019/extract-data-003397.hwpx	국토교통부	2019	hwpx	number	1	1	
u_extract_data-003398	extract-data	kind	KIND_OK	samples/고용노동부/2019/extract-data-003398.hwp	고용노동부	2019	hwp	all	2	2	
u_extract_data-003399	extract-data	kind	KIND_OK	samples/외교부/2019/extract-data-003399.hwpx	외교부	2019	hwpx	date	3	3	
u_extract_data-003400	extract-data	kind	COUNT_DRIFT	samples/기획재정부/2019/extract-data-003400.hwp	기획재정부	2019	hwp	amount	4	5	
u_extract_data-003401	extract-data	kind	KIND_UNKNOWN	samples/공정거래위원회/2019/extract-data-003401.hwpx	공정거래위원회	2019	hwpx	token	5	5	
u_extract_data-003402	extract-data	kind	KIND_OK	samples/금융위원회/2019/extract-data-003402.hwp	금융위원회	2019	hwp	date	6	6	
u_extract_data-003403	extract-data	kind	KIND_OK	samples/통계청/2019/extract-data-003403.hwpx	통계청	2019	hwpx	amount	7	7	
u_extract_data-003404	extract-data	kind	KIND_OK	samples/기상청/2019/extract-data-003404.hwp	기상청	2019	hwp	number	8	8	
u_extract_data-003405	extract-data	kind	KIND_OK	samples/관세청/2019/extract-data-003405.hwpx	관세청	2019	hwpx	all	9	9	
u_extract_data-003406	extract-data	kind	KIND_OK	samples/검찰청/2019/extract-data-003406.hwp	검찰청	2019	hwp	date	10	10	
u_extract_data-003407	extract-data	kind	COUNT_DRIFT	samples/경찰청/2019/extract-data-003407.hwpx	경찰청	2019	hwpx	amount	11	12	
u_extract_data-003408	extract-data	kind	KIND_UNKNOWN	samples/소방청/2019/extract-data-003408.hwp	소방청	2019	hwp	token	0	0	
u_extract_data-003409	extract-data	kind	KIND_OK	samples/병무청/2019/extract-data-003409.hwpx	병무청	2019	hwpx	date	1	1	
u_extract_data-003410	extract-data	kind	KIND_OK	samples/산림청/2019/extract-data-003410.hwp	산림청	2019	hwp	amount	2	2	
u_extract_data-003411	extract-data	kind	KIND_OK	samples/중소벤처기업부/2019/extract-data-003411.hwpx	중소벤처기업부	2019	hwpx	number	3	3	
u_extract_data-003412	extract-data	kind	KIND_OK	samples/과학기술정보통신부/2019/extract-data-003412.hwp	과학기술정보통신부	2019	hwp	all	4	4	
u_extract_data-003413	extract-data	kind	KIND_OK	samples/문화체육관광부/2019/extract-data-003413.hwpx	문화체육관광부	2019	hwpx	date	5	5	
u_extract_data-003414	extract-data	kind	COUNT_DRIFT	samples/환경부/2019/extract-data-003414.hwp	환경부	2019	hwp	amount	6	7	
u_extract_data-003415	extract-data	kind	KIND_UNKNOWN	samples/해양수산부/2019/extract-data-003415.hwpx	해양수산부	2019	hwpx	token	7	7	
u_extract_data-003416	extract-data	kind	KIND_OK	samples/서울특별시/2019/extract-data-003416.hwp	서울특별시	2019	hwp	date	8	8	
u_extract_data-003417	extract-data	kind	KIND_OK	samples/경기도/2019/extract-data-003417.hwpx	경기도	2019	hwpx	amount	9	9	
u_extract_data-003418	extract-data	kind	KIND_OK	samples/부산광역시/2019/extract-data-003418.hwp	부산광역시	2019	hwp	number	10	10	
u_extract_data-003419	extract-data	kind	KIND_OK	samples/제주특별자치도/2019/extract-data-003419.hwpx	제주특별자치도	2019	hwpx	all	11	11	
u_extract_data-003420	extract-data	kind	KIND_OK	samples/법제처/2020/extract-data-003420.hwp	법제처	2020	hwp	date	0	0	
u_extract_data-003421	extract-data	kind	COUNT_DRIFT	samples/행정안전부/2020/extract-data-003421.hwpx	행정안전부	2020	hwpx	amount	1	2	
u_extract_data-003422	extract-data	kind	KIND_UNKNOWN	samples/국세청/2020/extract-data-003422.hwp	국세청	2020	hwp	token	2	2	
u_extract_data-003423	extract-data	kind	KIND_OK	samples/대법원/2020/extract-data-003423.hwpx	대법원	2020	hwpx	date	3	3	
u_extract_data-003424	extract-data	kind	KIND_OK	samples/특허청/2020/extract-data-003424.hwp	특허청	2020	hwp	amount	4	4	
u_extract_data-003425	extract-data	kind	KIND_OK	samples/교육부/2020/extract-data-003425.hwpx	교육부	2020	hwpx	number	5	5	
u_extract_data-003426	extract-data	kind	KIND_OK	samples/보건복지부/2020/extract-data-003426.hwp	보건복지부	2020	hwp	all	6	6	
u_extract_data-003427	extract-data	kind	KIND_OK	samples/국토교통부/2020/extract-data-003427.hwpx	국토교통부	2020	hwpx	date	7	7	
u_extract_data-003428	extract-data	kind	COUNT_DRIFT	samples/고용노동부/2020/extract-data-003428.hwp	고용노동부	2020	hwp	amount	8	9	
u_extract_data-003429	extract-data	kind	KIND_UNKNOWN	samples/외교부/2020/extract-data-003429.hwpx	외교부	2020	hwpx	token	9	9	
u_extract_data-003430	extract-data	kind	KIND_OK	samples/기획재정부/2020/extract-data-003430.hwp	기획재정부	2020	hwp	date	10	10	
u_extract_data-003431	extract-data	kind	KIND_OK	samples/공정거래위원회/2020/extract-data-003431.hwpx	공정거래위원회	2020	hwpx	amount	11	11	
u_extract_data-003432	extract-data	kind	KIND_OK	samples/금융위원회/2020/extract-data-003432.hwp	금융위원회	2020	hwp	number	0	0	
u_extract_data-003433	extract-data	kind	KIND_OK	samples/통계청/2020/extract-data-003433.hwpx	통계청	2020	hwpx	all	1	1	
u_extract_data-003434	extract-data	kind	KIND_OK	samples/기상청/2020/extract-data-003434.hwp	기상청	2020	hwp	date	2	2	
u_extract_data-003435	extract-data	kind	COUNT_DRIFT	samples/관세청/2020/extract-data-003435.hwpx	관세청	2020	hwpx	amount	3	4	
u_extract_data-003436	extract-data	kind	KIND_UNKNOWN	samples/검찰청/2020/extract-data-003436.hwp	검찰청	2020	hwp	token	4	4	
u_extract_data-003437	extract-data	kind	KIND_OK	samples/경찰청/2020/extract-data-003437.hwpx	경찰청	2020	hwpx	date	5	5	
u_extract_data-003438	extract-data	kind	KIND_OK	samples/소방청/2020/extract-data-003438.hwp	소방청	2020	hwp	amount	6	6	
u_extract_data-003439	extract-data	kind	KIND_OK	samples/병무청/2020/extract-data-003439.hwpx	병무청	2020	hwpx	number	7	7	
u_extract_data-003440	extract-data	kind	KIND_OK	samples/산림청/2020/extract-data-003440.hwp	산림청	2020	hwp	all	8	8	
u_extract_data-003441	extract-data	kind	KIND_OK	samples/중소벤처기업부/2020/extract-data-003441.hwpx	중소벤처기업부	2020	hwpx	date	9	9	
u_extract_data-003442	extract-data	kind	COUNT_DRIFT	samples/과학기술정보통신부/2020/extract-data-003442.hwp	과학기술정보통신부	2020	hwp	amount	10	11	
u_extract_data-003443	extract-data	kind	KIND_UNKNOWN	samples/문화체육관광부/2020/extract-data-003443.hwpx	문화체육관광부	2020	hwpx	token	11	11	
u_extract_data-003444	extract-data	kind	KIND_OK	samples/환경부/2020/extract-data-003444.hwp	환경부	2020	hwp	date	0	0	
u_extract_data-003445	extract-data	kind	KIND_OK	samples/해양수산부/2020/extract-data-003445.hwpx	해양수산부	2020	hwpx	amount	1	1	
u_extract_data-003446	extract-data	kind	KIND_OK	samples/서울특별시/2020/extract-data-003446.hwp	서울특별시	2020	hwp	number	2	2	
u_extract_data-003447	extract-data	kind	KIND_OK	samples/경기도/2020/extract-data-003447.hwpx	경기도	2020	hwpx	all	3	3	
u_extract_data-003448	extract-data	kind	KIND_OK	samples/부산광역시/2020/extract-data-003448.hwp	부산광역시	2020	hwp	date	4	4	
u_extract_data-003449	extract-data	kind	COUNT_DRIFT	samples/제주특별자치도/2020/extract-data-003449.hwpx	제주특별자치도	2020	hwpx	amount	5	6	
u_extract_data-003450	extract-data	kind	KIND_UNKNOWN	samples/법제처/2021/extract-data-003450.hwp	법제처	2021	hwp	token	6	6	
u_extract_data-003451	extract-data	kind	KIND_OK	samples/행정안전부/2021/extract-data-003451.hwpx	행정안전부	2021	hwpx	date	7	7	
u_extract_data-003452	extract-data	kind	KIND_OK	samples/국세청/2021/extract-data-003452.hwp	국세청	2021	hwp	amount	8	8	
u_extract_data-003453	extract-data	kind	KIND_OK	samples/대법원/2021/extract-data-003453.hwpx	대법원	2021	hwpx	number	9	9	
u_extract_data-003454	extract-data	kind	KIND_OK	samples/특허청/2021/extract-data-003454.hwp	특허청	2021	hwp	all	10	10	
u_extract_data-003455	extract-data	kind	KIND_OK	samples/교육부/2021/extract-data-003455.hwpx	교육부	2021	hwpx	date	11	11	
u_extract_data-003456	extract-data	kind	COUNT_DRIFT	samples/보건복지부/2021/extract-data-003456.hwp	보건복지부	2021	hwp	amount	0	1	
u_extract_data-003457	extract-data	kind	KIND_UNKNOWN	samples/국토교통부/2021/extract-data-003457.hwpx	국토교통부	2021	hwpx	token	1	1	
u_extract_data-003458	extract-data	kind	KIND_OK	samples/고용노동부/2021/extract-data-003458.hwp	고용노동부	2021	hwp	date	2	2	
u_extract_data-003459	extract-data	kind	KIND_OK	samples/외교부/2021/extract-data-003459.hwpx	외교부	2021	hwpx	amount	3	3	
u_extract_data-003460	extract-data	kind	KIND_OK	samples/기획재정부/2021/extract-data-003460.hwp	기획재정부	2021	hwp	number	4	4	
u_extract_data-003461	extract-data	kind	KIND_OK	samples/공정거래위원회/2021/extract-data-003461.hwpx	공정거래위원회	2021	hwpx	all	5	5	
u_extract_data-003462	extract-data	kind	KIND_OK	samples/금융위원회/2021/extract-data-003462.hwp	금융위원회	2021	hwp	date	6	6	
u_extract_data-003463	extract-data	kind	COUNT_DRIFT	samples/통계청/2021/extract-data-003463.hwpx	통계청	2021	hwpx	amount	7	8	
u_extract_data-003464	extract-data	kind	KIND_UNKNOWN	samples/기상청/2021/extract-data-003464.hwp	기상청	2021	hwp	token	8	8	
u_extract_data-003465	extract-data	kind	KIND_OK	samples/관세청/2021/extract-data-003465.hwpx	관세청	2021	hwpx	date	9	9	
u_extract_data-003466	extract-data	kind	KIND_OK	samples/검찰청/2021/extract-data-003466.hwp	검찰청	2021	hwp	amount	10	10	
u_extract_data-003467	extract-data	kind	KIND_OK	samples/경찰청/2021/extract-data-003467.hwpx	경찰청	2021	hwpx	number	11	11	
u_extract_data-003468	extract-data	kind	KIND_OK	samples/소방청/2021/extract-data-003468.hwp	소방청	2021	hwp	all	0	0	
u_extract_data-003469	extract-data	kind	KIND_OK	samples/병무청/2021/extract-data-003469.hwpx	병무청	2021	hwpx	date	1	1	
u_extract_data-003470	extract-data	kind	COUNT_DRIFT	samples/산림청/2021/extract-data-003470.hwp	산림청	2021	hwp	amount	2	3	
u_extract_data-003471	extract-data	kind	KIND_UNKNOWN	samples/중소벤처기업부/2021/extract-data-003471.hwpx	중소벤처기업부	2021	hwpx	token	3	3	
u_extract_data-003472	extract-data	kind	KIND_OK	samples/과학기술정보통신부/2021/extract-data-003472.hwp	과학기술정보통신부	2021	hwp	date	4	4	
u_extract_data-003473	extract-data	kind	KIND_OK	samples/문화체육관광부/2021/extract-data-003473.hwpx	문화체육관광부	2021	hwpx	amount	5	5	
u_extract_data-003474	extract-data	kind	KIND_OK	samples/환경부/2021/extract-data-003474.hwp	환경부	2021	hwp	number	6	6	
u_extract_data-003475	extract-data	kind	KIND_OK	samples/해양수산부/2021/extract-data-003475.hwpx	해양수산부	2021	hwpx	all	7	7	
u_extract_data-003476	extract-data	kind	KIND_OK	samples/서울특별시/2021/extract-data-003476.hwp	서울특별시	2021	hwp	date	8	8	
u_extract_data-003477	extract-data	kind	COUNT_DRIFT	samples/경기도/2021/extract-data-003477.hwpx	경기도	2021	hwpx	amount	9	10	
u_extract_data-003478	extract-data	kind	KIND_UNKNOWN	samples/부산광역시/2021/extract-data-003478.hwp	부산광역시	2021	hwp	token	10	10	
u_extract_data-003479	extract-data	kind	KIND_OK	samples/제주특별자치도/2021/extract-data-003479.hwpx	제주특별자치도	2021	hwpx	date	11	11	
u_extract_data-003480	extract-data	kind	KIND_OK	samples/법제처/2022/extract-data-003480.hwp	법제처	2022	hwp	amount	0	0	
u_extract_data-003481	extract-data	kind	KIND_OK	samples/행정안전부/2022/extract-data-003481.hwpx	행정안전부	2022	hwpx	number	1	1	
u_extract_data-003482	extract-data	kind	KIND_OK	samples/국세청/2022/extract-data-003482.hwp	국세청	2022	hwp	all	2	2	
u_extract_data-003483	extract-data	kind	KIND_OK	samples/대법원/2022/extract-data-003483.hwpx	대법원	2022	hwpx	date	3	3	
u_extract_data-003484	extract-data	kind	COUNT_DRIFT	samples/특허청/2022/extract-data-003484.hwp	특허청	2022	hwp	amount	4	5	
u_extract_data-003485	extract-data	kind	KIND_UNKNOWN	samples/교육부/2022/extract-data-003485.hwpx	교육부	2022	hwpx	token	5	5	
u_extract_data-003486	extract-data	kind	KIND_OK	samples/보건복지부/2022/extract-data-003486.hwp	보건복지부	2022	hwp	date	6	6	
u_extract_data-003487	extract-data	kind	KIND_OK	samples/국토교통부/2022/extract-data-003487.hwpx	국토교통부	2022	hwpx	amount	7	7	
u_extract_data-003488	extract-data	kind	KIND_OK	samples/고용노동부/2022/extract-data-003488.hwp	고용노동부	2022	hwp	number	8	8	
u_extract_data-003489	extract-data	kind	KIND_OK	samples/외교부/2022/extract-data-003489.hwpx	외교부	2022	hwpx	all	9	9	
u_extract_data-003490	extract-data	kind	KIND_OK	samples/기획재정부/2022/extract-data-003490.hwp	기획재정부	2022	hwp	date	10	10	
u_extract_data-003491	extract-data	kind	COUNT_DRIFT	samples/공정거래위원회/2022/extract-data-003491.hwpx	공정거래위원회	2022	hwpx	amount	11	12	
u_extract_data-003492	extract-data	kind	KIND_UNKNOWN	samples/금융위원회/2022/extract-data-003492.hwp	금융위원회	2022	hwp	token	0	0	
u_extract_data-003493	extract-data	kind	KIND_OK	samples/통계청/2022/extract-data-003493.hwpx	통계청	2022	hwpx	date	1	1	
u_extract_data-003494	extract-data	kind	KIND_OK	samples/기상청/2022/extract-data-003494.hwp	기상청	2022	hwp	amount	2	2	
u_extract_data-003495	extract-data	kind	KIND_OK	samples/관세청/2022/extract-data-003495.hwpx	관세청	2022	hwpx	number	3	3	
u_extract_data-003496	extract-data	kind	KIND_OK	samples/검찰청/2022/extract-data-003496.hwp	검찰청	2022	hwp	all	4	4	
u_extract_data-003497	extract-data	kind	KIND_OK	samples/경찰청/2022/extract-data-003497.hwpx	경찰청	2022	hwpx	date	5	5	
u_extract_data-003498	extract-data	kind	COUNT_DRIFT	samples/소방청/2022/extract-data-003498.hwp	소방청	2022	hwp	amount	6	7	
u_extract_data-003499	extract-data	kind	KIND_UNKNOWN	samples/병무청/2022/extract-data-003499.hwpx	병무청	2022	hwpx	token	7	7	
u_extract_data-003500	extract-data	kind	KIND_OK	samples/산림청/2022/extract-data-003500.hwp	산림청	2022	hwp	date	8	8	
u_extract_data-003501	extract-data	kind	KIND_OK	samples/중소벤처기업부/2022/extract-data-003501.hwpx	중소벤처기업부	2022	hwpx	amount	9	9	
u_extract_data-003502	extract-data	kind	KIND_OK	samples/과학기술정보통신부/2022/extract-data-003502.hwp	과학기술정보통신부	2022	hwp	number	10	10	
u_extract_data-003503	extract-data	kind	KIND_OK	samples/문화체육관광부/2022/extract-data-003503.hwpx	문화체육관광부	2022	hwpx	all	11	11	
u_extract_data-003504	extract-data	kind	KIND_OK	samples/환경부/2022/extract-data-003504.hwp	환경부	2022	hwp	date	0	0	
u_extract_data-003505	extract-data	kind	COUNT_DRIFT	samples/해양수산부/2022/extract-data-003505.hwpx	해양수산부	2022	hwpx	amount	1	2	
u_extract_data-003506	extract-data	kind	KIND_UNKNOWN	samples/서울특별시/2022/extract-data-003506.hwp	서울특별시	2022	hwp	token	2	2	
u_extract_data-003507	extract-data	kind	KIND_OK	samples/경기도/2022/extract-data-003507.hwpx	경기도	2022	hwpx	date	3	3	
u_extract_data-003508	extract-data	kind	KIND_OK	samples/부산광역시/2022/extract-data-003508.hwp	부산광역시	2022	hwp	amount	4	4	
u_extract_data-003509	extract-data	kind	KIND_OK	samples/제주특별자치도/2022/extract-data-003509.hwpx	제주특별자치도	2022	hwpx	number	5	5	
u_extract_data-003510	extract-data	kind	KIND_OK	samples/법제처/2023/extract-data-003510.hwp	법제처	2023	hwp	all	6	6	
u_extract_data-003511	extract-data	kind	KIND_OK	samples/행정안전부/2023/extract-data-003511.hwpx	행정안전부	2023	hwpx	date	7	7	
u_extract_data-003512	extract-data	kind	COUNT_DRIFT	samples/국세청/2023/extract-data-003512.hwp	국세청	2023	hwp	amount	8	9	
u_extract_data-003513	extract-data	kind	KIND_UNKNOWN	samples/대법원/2023/extract-data-003513.hwpx	대법원	2023	hwpx	token	9	9	
u_extract_data-003514	extract-data	kind	KIND_OK	samples/특허청/2023/extract-data-003514.hwp	특허청	2023	hwp	date	10	10	
u_extract_data-003515	extract-data	kind	KIND_OK	samples/교육부/2023/extract-data-003515.hwpx	교육부	2023	hwpx	amount	11	11	
u_extract_data-003516	extract-data	kind	KIND_OK	samples/보건복지부/2023/extract-data-003516.hwp	보건복지부	2023	hwp	number	0	0	
u_extract_data-003517	extract-data	kind	KIND_OK	samples/국토교통부/2023/extract-data-003517.hwpx	국토교통부	2023	hwpx	all	1	1	
u_extract_data-003518	extract-data	kind	KIND_OK	samples/고용노동부/2023/extract-data-003518.hwp	고용노동부	2023	hwp	date	2	2	
u_extract_data-003519	extract-data	kind	COUNT_DRIFT	samples/외교부/2023/extract-data-003519.hwpx	외교부	2023	hwpx	amount	3	4	
u_extract_data-003520	extract-data	kind	KIND_UNKNOWN	samples/기획재정부/2023/extract-data-003520.hwp	기획재정부	2023	hwp	token	4	4	
u_extract_data-003521	extract-data	kind	KIND_OK	samples/공정거래위원회/2023/extract-data-003521.hwpx	공정거래위원회	2023	hwpx	date	5	5	
u_extract_data-003522	extract-data	kind	KIND_OK	samples/금융위원회/2023/extract-data-003522.hwp	금융위원회	2023	hwp	amount	6	6	
u_extract_data-003523	extract-data	kind	KIND_OK	samples/통계청/2023/extract-data-003523.hwpx	통계청	2023	hwpx	number	7	7	
u_extract_data-003524	extract-data	kind	KIND_OK	samples/기상청/2023/extract-data-003524.hwp	기상청	2023	hwp	all	8	8	
u_extract_data-003525	extract-data	kind	KIND_OK	samples/관세청/2023/extract-data-003525.hwpx	관세청	2023	hwpx	date	9	9	
u_extract_data-003526	extract-data	kind	COUNT_DRIFT	samples/검찰청/2023/extract-data-003526.hwp	검찰청	2023	hwp	amount	10	11	
u_extract_data-003527	extract-data	kind	KIND_UNKNOWN	samples/경찰청/2023/extract-data-003527.hwpx	경찰청	2023	hwpx	token	11	11	
u_extract_data-003528	extract-data	kind	KIND_OK	samples/소방청/2023/extract-data-003528.hwp	소방청	2023	hwp	date	0	0	
u_extract_data-003529	extract-data	kind	KIND_OK	samples/병무청/2023/extract-data-003529.hwpx	병무청	2023	hwpx	amount	1	1	
u_extract_data-003530	extract-data	kind	KIND_OK	samples/산림청/2023/extract-data-003530.hwp	산림청	2023	hwp	number	2	2	
u_extract_data-003531	extract-data	kind	KIND_OK	samples/중소벤처기업부/2023/extract-data-003531.hwpx	중소벤처기업부	2023	hwpx	all	3	3	
u_extract_data-003532	extract-data	kind	KIND_OK	samples/과학기술정보통신부/2023/extract-data-003532.hwp	과학기술정보통신부	2023	hwp	date	4	4	
u_extract_data-003533	extract-data	kind	COUNT_DRIFT	samples/문화체육관광부/2023/extract-data-003533.hwpx	문화체육관광부	2023	hwpx	amount	5	6	
u_extract_data-003534	extract-data	kind	KIND_UNKNOWN	samples/환경부/2023/extract-data-003534.hwp	환경부	2023	hwp	token	6	6	
u_extract_data-003535	extract-data	kind	KIND_OK	samples/해양수산부/2023/extract-data-003535.hwpx	해양수산부	2023	hwpx	date	7	7	
u_extract_data-003536	extract-data	kind	KIND_OK	samples/서울특별시/2023/extract-data-003536.hwp	서울특별시	2023	hwp	amount	8	8	
u_extract_data-003537	extract-data	kind	KIND_OK	samples/경기도/2023/extract-data-003537.hwpx	경기도	2023	hwpx	number	9	9	
u_extract_data-003538	extract-data	kind	KIND_OK	samples/부산광역시/2023/extract-data-003538.hwp	부산광역시	2023	hwp	all	10	10	
u_extract_data-003539	extract-data	kind	KIND_OK	samples/제주특별자치도/2023/extract-data-003539.hwpx	제주특별자치도	2023	hwpx	date	11	11	
u_extract_data-003540	extract-data	kind	COUNT_DRIFT	samples/법제처/2024/extract-data-003540.hwp	법제처	2024	hwp	amount	0	1	
u_extract_data-003541	extract-data	kind	KIND_UNKNOWN	samples/행정안전부/2024/extract-data-003541.hwpx	행정안전부	2024	hwpx	token	1	1	
u_extract_data-003542	extract-data	kind	KIND_OK	samples/국세청/2024/extract-data-003542.hwp	국세청	2024	hwp	date	2	2	
u_extract_data-003543	extract-data	kind	KIND_OK	samples/대법원/2024/extract-data-003543.hwpx	대법원	2024	hwpx	amount	3	3	
u_extract_data-003544	extract-data	kind	KIND_OK	samples/특허청/2024/extract-data-003544.hwp	특허청	2024	hwp	number	4	4	
u_extract_data-003545	extract-data	kind	KIND_OK	samples/교육부/2024/extract-data-003545.hwpx	교육부	2024	hwpx	all	5	5	
u_extract_data-003546	extract-data	kind	KIND_OK	samples/보건복지부/2024/extract-data-003546.hwp	보건복지부	2024	hwp	date	6	6	
u_extract_data-003547	extract-data	kind	COUNT_DRIFT	samples/국토교통부/2024/extract-data-003547.hwpx	국토교통부	2024	hwpx	amount	7	8	
u_extract_data-003548	extract-data	kind	KIND_UNKNOWN	samples/고용노동부/2024/extract-data-003548.hwp	고용노동부	2024	hwp	token	8	8	
u_extract_data-003549	extract-data	kind	KIND_OK	samples/외교부/2024/extract-data-003549.hwpx	외교부	2024	hwpx	date	9	9	
u_extract_data-003550	extract-data	kind	KIND_OK	samples/기획재정부/2024/extract-data-003550.hwp	기획재정부	2024	hwp	amount	10	10	
u_extract_data-003551	extract-data	kind	KIND_OK	samples/공정거래위원회/2024/extract-data-003551.hwpx	공정거래위원회	2024	hwpx	number	11	11	
u_extract_data-003552	extract-data	kind	KIND_OK	samples/금융위원회/2024/extract-data-003552.hwp	금융위원회	2024	hwp	all	0	0	
u_extract_data-003553	extract-data	kind	KIND_OK	samples/통계청/2024/extract-data-003553.hwpx	통계청	2024	hwpx	date	1	1	
u_extract_data-003554	extract-data	kind	COUNT_DRIFT	samples/기상청/2024/extract-data-003554.hwp	기상청	2024	hwp	amount	2	3	
u_extract_data-003555	extract-data	kind	KIND_UNKNOWN	samples/관세청/2024/extract-data-003555.hwpx	관세청	2024	hwpx	token	3	3	
u_extract_data-003556	extract-data	kind	KIND_OK	samples/검찰청/2024/extract-data-003556.hwp	검찰청	2024	hwp	date	4	4	
u_extract_data-003557	extract-data	kind	KIND_OK	samples/경찰청/2024/extract-data-003557.hwpx	경찰청	2024	hwpx	amount	5	5	
u_extract_data-003558	extract-data	kind	KIND_OK	samples/소방청/2024/extract-data-003558.hwp	소방청	2024	hwp	number	6	6	
u_extract_data-003559	extract-data	kind	KIND_OK	samples/병무청/2024/extract-data-003559.hwpx	병무청	2024	hwpx	all	7	7	
u_extract_data-003560	extract-data	kind	KIND_OK	samples/산림청/2024/extract-data-003560.hwp	산림청	2024	hwp	date	8	8	
u_extract_data-003561	extract-data	kind	COUNT_DRIFT	samples/중소벤처기업부/2024/extract-data-003561.hwpx	중소벤처기업부	2024	hwpx	amount	9	10	
u_extract_data-003562	extract-data	kind	KIND_UNKNOWN	samples/과학기술정보통신부/2024/extract-data-003562.hwp	과학기술정보통신부	2024	hwp	token	10	10	
u_extract_data-003563	extract-data	kind	KIND_OK	samples/문화체육관광부/2024/extract-data-003563.hwpx	문화체육관광부	2024	hwpx	date	11	11	
u_extract_data-003564	extract-data	kind	KIND_OK	samples/환경부/2024/extract-data-003564.hwp	환경부	2024	hwp	amount	0	0	
u_extract_data-003565	extract-data	kind	KIND_OK	samples/해양수산부/2024/extract-data-003565.hwpx	해양수산부	2024	hwpx	number	1	1	
u_extract_data-003566	extract-data	kind	KIND_OK	samples/서울특별시/2024/extract-data-003566.hwp	서울특별시	2024	hwp	all	2	2	
u_extract_data-003567	extract-data	kind	KIND_OK	samples/경기도/2024/extract-data-003567.hwpx	경기도	2024	hwpx	date	3	3	
u_extract_data-003568	extract-data	kind	COUNT_DRIFT	samples/부산광역시/2024/extract-data-003568.hwp	부산광역시	2024	hwp	amount	4	5	
u_extract_data-003569	extract-data	kind	KIND_UNKNOWN	samples/제주특별자치도/2024/extract-data-003569.hwpx	제주특별자치도	2024	hwpx	token	5	5	
u_extract_data-003570	extract-data	kind	KIND_OK	samples/법제처/2025/extract-data-003570.hwp	법제처	2025	hwp	date	6	6	
u_extract_data-003571	extract-data	kind	KIND_OK	samples/행정안전부/2025/extract-data-003571.hwpx	행정안전부	2025	hwpx	amount	7	7	
u_extract_data-003572	extract-data	kind	KIND_OK	samples/국세청/2025/extract-data-003572.hwp	국세청	2025	hwp	number	8	8	
u_extract_data-003573	extract-data	kind	KIND_OK	samples/대법원/2025/extract-data-003573.hwpx	대법원	2025	hwpx	all	9	9	
u_extract_data-003574	extract-data	kind	KIND_OK	samples/특허청/2025/extract-data-003574.hwp	특허청	2025	hwp	date	10	10	
u_extract_data-003575	extract-data	kind	COUNT_DRIFT	samples/교육부/2025/extract-data-003575.hwpx	교육부	2025	hwpx	amount	11	12	
u_extract_data-003576	extract-data	kind	KIND_UNKNOWN	samples/보건복지부/2025/extract-data-003576.hwp	보건복지부	2025	hwp	token	0	0	
u_extract_data-003577	extract-data	kind	KIND_OK	samples/국토교통부/2025/extract-data-003577.hwpx	국토교통부	2025	hwpx	date	1	1	
u_extract_data-003578	extract-data	kind	KIND_OK	samples/고용노동부/2025/extract-data-003578.hwp	고용노동부	2025	hwp	amount	2	2	
u_extract_data-003579	extract-data	kind	KIND_OK	samples/외교부/2025/extract-data-003579.hwpx	외교부	2025	hwpx	number	3	3	
u_extract_data-003580	extract-data	kind	KIND_OK	samples/기획재정부/2025/extract-data-003580.hwp	기획재정부	2025	hwp	all	4	4	
u_extract_data-003581	extract-data	kind	KIND_OK	samples/공정거래위원회/2025/extract-data-003581.hwpx	공정거래위원회	2025	hwpx	date	5	5	
u_extract_data-003582	extract-data	kind	COUNT_DRIFT	samples/금융위원회/2025/extract-data-003582.hwp	금융위원회	2025	hwp	amount	6	7	
u_extract_data-003583	extract-data	kind	KIND_UNKNOWN	samples/통계청/2025/extract-data-003583.hwpx	통계청	2025	hwpx	token	7	7	
u_extract_data-003584	extract-data	kind	KIND_OK	samples/기상청/2025/extract-data-003584.hwp	기상청	2025	hwp	date	8	8	
u_extract_data-003585	extract-data	kind	KIND_OK	samples/관세청/2025/extract-data-003585.hwpx	관세청	2025	hwpx	amount	9	9	
u_extract_data-003586	extract-data	kind	KIND_OK	samples/검찰청/2025/extract-data-003586.hwp	검찰청	2025	hwp	number	10	10	
u_extract_data-003587	extract-data	kind	KIND_OK	samples/경찰청/2025/extract-data-003587.hwpx	경찰청	2025	hwpx	all	11	11	
u_extract_data-003588	extract-data	kind	KIND_OK	samples/소방청/2025/extract-data-003588.hwp	소방청	2025	hwp	date	0	0	
u_extract_data-003589	extract-data	kind	COUNT_DRIFT	samples/병무청/2025/extract-data-003589.hwpx	병무청	2025	hwpx	amount	1	2	
u_extract_data-003590	extract-data	kind	KIND_UNKNOWN	samples/산림청/2025/extract-data-003590.hwp	산림청	2025	hwp	token	2	2	
u_extract_data-003591	extract-data	kind	KIND_OK	samples/중소벤처기업부/2025/extract-data-003591.hwpx	중소벤처기업부	2025	hwpx	date	3	3	
u_extract_data-003592	extract-data	kind	KIND_OK	samples/과학기술정보통신부/2025/extract-data-003592.hwp	과학기술정보통신부	2025	hwp	amount	4	4	
u_extract_data-003593	extract-data	kind	KIND_OK	samples/문화체육관광부/2025/extract-data-003593.hwpx	문화체육관광부	2025	hwpx	number	5	5	
u_extract_data-003594	extract-data	kind	KIND_OK	samples/환경부/2025/extract-data-003594.hwp	환경부	2025	hwp	all	6	6	
u_extract_data-003595	extract-data	kind	KIND_OK	samples/해양수산부/2025/extract-data-003595.hwpx	해양수산부	2025	hwpx	date	7	7	
u_extract_data-003596	extract-data	kind	COUNT_DRIFT	samples/서울특별시/2025/extract-data-003596.hwp	서울특별시	2025	hwp	amount	8	9	
u_extract_data-003597	extract-data	kind	KIND_UNKNOWN	samples/경기도/2025/extract-data-003597.hwpx	경기도	2025	hwpx	token	9	9	
u_extract_data-003598	extract-data	kind	KIND_OK	samples/부산광역시/2025/extract-data-003598.hwp	부산광역시	2025	hwp	date	10	10	
u_extract_data-003599	extract-data	kind	KIND_OK	samples/제주특별자치도/2025/extract-data-003599.hwpx	제주특별자치도	2025	hwpx	amount	11	11	
u_extract_data-003600	extract-data	kind	KIND_OK	samples/법제처/2026/extract-data-003600.hwp	법제처	2026	hwp	number	0	0	
u_extract_data-003601	extract-data	kind	KIND_OK	samples/행정안전부/2026/extract-data-003601.hwpx	행정안전부	2026	hwpx	all	1	1	
u_extract_data-003602	extract-data	kind	KIND_OK	samples/국세청/2026/extract-data-003602.hwp	국세청	2026	hwp	date	2	2	
u_extract_data-003603	extract-data	kind	COUNT_DRIFT	samples/대법원/2026/extract-data-003603.hwpx	대법원	2026	hwpx	amount	3	4	
u_extract_data-003604	extract-data	kind	KIND_UNKNOWN	samples/특허청/2026/extract-data-003604.hwp	특허청	2026	hwp	token	4	4	
u_extract_data-003605	extract-data	kind	KIND_OK	samples/교육부/2026/extract-data-003605.hwpx	교육부	2026	hwpx	date	5	5	
u_extract_data-003606	extract-data	kind	KIND_OK	samples/보건복지부/2026/extract-data-003606.hwp	보건복지부	2026	hwp	amount	6	6	
u_extract_data-003607	extract-data	kind	KIND_OK	samples/국토교통부/2026/extract-data-003607.hwpx	국토교통부	2026	hwpx	number	7	7	
u_extract_data-003608	extract-data	kind	KIND_OK	samples/고용노동부/2026/extract-data-003608.hwp	고용노동부	2026	hwp	all	8	8	
u_extract_data-003609	extract-data	kind	KIND_OK	samples/외교부/2026/extract-data-003609.hwpx	외교부	2026	hwpx	date	9	9	
u_extract_data-003610	extract-data	kind	COUNT_DRIFT	samples/기획재정부/2026/extract-data-003610.hwp	기획재정부	2026	hwp	amount	10	11	
u_extract_data-003611	extract-data	kind	KIND_UNKNOWN	samples/공정거래위원회/2026/extract-data-003611.hwpx	공정거래위원회	2026	hwpx	token	11	11	
u_extract_data-003612	extract-data	kind	KIND_OK	samples/금융위원회/2026/extract-data-003612.hwp	금융위원회	2026	hwp	date	0	0	
u_extract_data-003613	extract-data	kind	KIND_OK	samples/통계청/2026/extract-data-003613.hwpx	통계청	2026	hwpx	amount	1	1	
u_extract_data-003614	extract-data	kind	KIND_OK	samples/기상청/2026/extract-data-003614.hwp	기상청	2026	hwp	number	2	2	
u_extract_data-003615	extract-data	kind	KIND_OK	samples/관세청/2026/extract-data-003615.hwpx	관세청	2026	hwpx	all	3	3	
u_extract_data-003616	extract-data	kind	KIND_OK	samples/검찰청/2026/extract-data-003616.hwp	검찰청	2026	hwp	date	4	4	
u_extract_data-003617	extract-data	kind	COUNT_DRIFT	samples/경찰청/2026/extract-data-003617.hwpx	경찰청	2026	hwpx	amount	5	6	
u_extract_data-003618	extract-data	kind	KIND_UNKNOWN	samples/소방청/2026/extract-data-003618.hwp	소방청	2026	hwp	token	6	6	
u_extract_data-003619	extract-data	kind	KIND_OK	samples/병무청/2026/extract-data-003619.hwpx	병무청	2026	hwpx	date	7	7	
u_extract_data-003620	extract-data	kind	KIND_OK	samples/산림청/2026/extract-data-003620.hwp	산림청	2026	hwp	amount	8	8	
u_extract_data-003621	extract-data	kind	KIND_OK	samples/중소벤처기업부/2026/extract-data-003621.hwpx	중소벤처기업부	2026	hwpx	number	9	9	
u_extract_data-003622	extract-data	kind	KIND_OK	samples/과학기술정보통신부/2026/extract-data-003622.hwp	과학기술정보통신부	2026	hwp	all	10	10	
u_extract_data-003623	extract-data	kind	KIND_OK	samples/문화체육관광부/2026/extract-data-003623.hwpx	문화체육관광부	2026	hwpx	date	11	11	
u_extract_data-003624	extract-data	kind	COUNT_DRIFT	samples/환경부/2026/extract-data-003624.hwp	환경부	2026	hwp	amount	0	1	
u_extract_data-003625	extract-data	kind	KIND_UNKNOWN	samples/해양수산부/2026/extract-data-003625.hwpx	해양수산부	2026	hwpx	token	1	1	
u_extract_data-003626	extract-data	kind	KIND_OK	samples/서울특별시/2026/extract-data-003626.hwp	서울특별시	2026	hwp	date	2	2	
u_extract_data-003627	extract-data	kind	KIND_OK	samples/경기도/2026/extract-data-003627.hwpx	경기도	2026	hwpx	amount	3	3	
u_extract_data-003628	extract-data	kind	KIND_OK	samples/부산광역시/2026/extract-data-003628.hwp	부산광역시	2026	hwp	number	4	4	
u_extract_data-003629	extract-data	kind	KIND_OK	samples/제주특별자치도/2026/extract-data-003629.hwpx	제주특별자치도	2026	hwpx	all	5	5	
u_extract_data-003630	extract-data	kind	KIND_OK	samples/법제처/2016/extract-data-003630.hwp	법제처	2016	hwp	date	6	6	
u_extract_data-003631	extract-data	kind	COUNT_DRIFT	samples/행정안전부/2016/extract-data-003631.hwpx	행정안전부	2016	hwpx	amount	7	8	
u_extract_data-003632	extract-data	kind	KIND_UNKNOWN	samples/국세청/2016/extract-data-003632.hwp	국세청	2016	hwp	token	8	8	
u_extract_data-003633	extract-data	kind	KIND_OK	samples/대법원/2016/extract-data-003633.hwpx	대법원	2016	hwpx	date	9	9	
u_extract_data-003634	extract-data	kind	KIND_OK	samples/특허청/2016/extract-data-003634.hwp	특허청	2016	hwp	amount	10	10	
u_extract_data-003635	extract-data	kind	KIND_OK	samples/교육부/2016/extract-data-003635.hwpx	교육부	2016	hwpx	number	11	11	
u_extract_data-003636	extract-data	kind	KIND_OK	samples/보건복지부/2016/extract-data-003636.hwp	보건복지부	2016	hwp	all	0	0	
u_extract_data-003637	extract-data	kind	KIND_OK	samples/국토교통부/2016/extract-data-003637.hwpx	국토교통부	2016	hwpx	date	1	1	
u_extract_data-003638	extract-data	kind	COUNT_DRIFT	samples/고용노동부/2016/extract-data-003638.hwp	고용노동부	2016	hwp	amount	2	3	
u_extract_data-003639	extract-data	kind	KIND_UNKNOWN	samples/외교부/2016/extract-data-003639.hwpx	외교부	2016	hwpx	token	3	3	
u_extract_data-003640	extract-data	kind	KIND_OK	samples/기획재정부/2016/extract-data-003640.hwp	기획재정부	2016	hwp	date	4	4	
u_extract_data-003641	extract-data	kind	KIND_OK	samples/공정거래위원회/2016/extract-data-003641.hwpx	공정거래위원회	2016	hwpx	amount	5	5	
u_extract_data-003642	extract-data	kind	KIND_OK	samples/금융위원회/2016/extract-data-003642.hwp	금융위원회	2016	hwp	number	6	6	
u_extract_data-003643	extract-data	kind	KIND_OK	samples/통계청/2016/extract-data-003643.hwpx	통계청	2016	hwpx	all	7	7	
u_extract_data-003644	extract-data	kind	KIND_OK	samples/기상청/2016/extract-data-003644.hwp	기상청	2016	hwp	date	8	8	
u_extract_data-003645	extract-data	kind	COUNT_DRIFT	samples/관세청/2016/extract-data-003645.hwpx	관세청	2016	hwpx	amount	9	10	
u_extract_data-003646	extract-data	kind	KIND_UNKNOWN	samples/검찰청/2016/extract-data-003646.hwp	검찰청	2016	hwp	token	10	10	
u_extract_data-003647	extract-data	kind	KIND_OK	samples/경찰청/2016/extract-data-003647.hwpx	경찰청	2016	hwpx	date	11	11	
u_extract_data-003648	extract-data	kind	KIND_OK	samples/소방청/2016/extract-data-003648.hwp	소방청	2016	hwp	amount	0	0	
u_extract_data-003649	extract-data	kind	KIND_OK	samples/병무청/2016/extract-data-003649.hwpx	병무청	2016	hwpx	number	1	1	
u_extract_data-003650	extract-data	kind	KIND_OK	samples/산림청/2016/extract-data-003650.hwp	산림청	2016	hwp	all	2	2	
u_extract_data-003651	extract-data	kind	KIND_OK	samples/중소벤처기업부/2016/extract-data-003651.hwpx	중소벤처기업부	2016	hwpx	date	3	3	
u_extract_data-003652	extract-data	kind	COUNT_DRIFT	samples/과학기술정보통신부/2016/extract-data-003652.hwp	과학기술정보통신부	2016	hwp	amount	4	5	
u_extract_data-003653	extract-data	kind	KIND_UNKNOWN	samples/문화체육관광부/2016/extract-data-003653.hwpx	문화체육관광부	2016	hwpx	token	5	5	
u_extract_data-003654	extract-data	kind	KIND_OK	samples/환경부/2016/extract-data-003654.hwp	환경부	2016	hwp	date	6	6	
u_extract_data-003655	extract-data	kind	KIND_OK	samples/해양수산부/2016/extract-data-003655.hwpx	해양수산부	2016	hwpx	amount	7	7	
u_extract_data-003656	extract-data	kind	KIND_OK	samples/서울특별시/2016/extract-data-003656.hwp	서울특별시	2016	hwp	number	8	8	
u_extract_data-003657	extract-data	kind	KIND_OK	samples/경기도/2016/extract-data-003657.hwpx	경기도	2016	hwpx	all	9	9	
u_extract_data-003658	extract-data	kind	KIND_OK	samples/부산광역시/2016/extract-data-003658.hwp	부산광역시	2016	hwp	date	10	10	
u_extract_data-003659	extract-data	kind	COUNT_DRIFT	samples/제주특별자치도/2016/extract-data-003659.hwpx	제주특별자치도	2016	hwpx	amount	11	12	
u_extract_data-003660	extract-data	kind	KIND_UNKNOWN	samples/법제처/2017/extract-data-003660.hwp	법제처	2017	hwp	token	0	0	
u_extract_data-003661	extract-data	kind	KIND_OK	samples/행정안전부/2017/extract-data-003661.hwpx	행정안전부	2017	hwpx	date	1	1	
u_extract_data-003662	extract-data	kind	KIND_OK	samples/국세청/2017/extract-data-003662.hwp	국세청	2017	hwp	amount	2	2	
u_extract_data-003663	extract-data	kind	KIND_OK	samples/대법원/2017/extract-data-003663.hwpx	대법원	2017	hwpx	number	3	3	
u_extract_data-003664	extract-data	kind	KIND_OK	samples/특허청/2017/extract-data-003664.hwp	특허청	2017	hwp	all	4	4	
u_extract_data-003665	extract-data	kind	KIND_OK	samples/교육부/2017/extract-data-003665.hwpx	교육부	2017	hwpx	date	5	5	
u_extract_data-003666	extract-data	kind	COUNT_DRIFT	samples/보건복지부/2017/extract-data-003666.hwp	보건복지부	2017	hwp	amount	6	7	
u_extract_data-003667	extract-data	kind	KIND_UNKNOWN	samples/국토교통부/2017/extract-data-003667.hwpx	국토교통부	2017	hwpx	token	7	7	
u_extract_data-003668	extract-data	kind	KIND_OK	samples/고용노동부/2017/extract-data-003668.hwp	고용노동부	2017	hwp	date	8	8	
u_extract_data-003669	extract-data	kind	KIND_OK	samples/외교부/2017/extract-data-003669.hwpx	외교부	2017	hwpx	amount	9	9	
u_extract_data-003670	extract-data	kind	KIND_OK	samples/기획재정부/2017/extract-data-003670.hwp	기획재정부	2017	hwp	number	10	10	
u_extract_data-003671	extract-data	kind	KIND_OK	samples/공정거래위원회/2017/extract-data-003671.hwpx	공정거래위원회	2017	hwpx	all	11	11	
u_extract_data-003672	extract-data	kind	KIND_OK	samples/금융위원회/2017/extract-data-003672.hwp	금융위원회	2017	hwp	date	0	0	
u_extract_data-003673	extract-data	kind	COUNT_DRIFT	samples/통계청/2017/extract-data-003673.hwpx	통계청	2017	hwpx	amount	1	2	
u_extract_data-003674	extract-data	kind	KIND_UNKNOWN	samples/기상청/2017/extract-data-003674.hwp	기상청	2017	hwp	token	2	2	
u_extract_data-003675	extract-data	kind	KIND_OK	samples/관세청/2017/extract-data-003675.hwpx	관세청	2017	hwpx	date	3	3	
u_extract_data-003676	extract-data	kind	KIND_OK	samples/검찰청/2017/extract-data-003676.hwp	검찰청	2017	hwp	amount	4	4	
u_extract_data-003677	extract-data	kind	KIND_OK	samples/경찰청/2017/extract-data-003677.hwpx	경찰청	2017	hwpx	number	5	5	
u_extract_data-003678	extract-data	kind	KIND_OK	samples/소방청/2017/extract-data-003678.hwp	소방청	2017	hwp	all	6	6	
u_extract_data-003679	extract-data	kind	KIND_OK	samples/병무청/2017/extract-data-003679.hwpx	병무청	2017	hwpx	date	7	7	
u_extract_data-003680	extract-data	kind	COUNT_DRIFT	samples/산림청/2017/extract-data-003680.hwp	산림청	2017	hwp	amount	8	9	
u_extract_data-003681	extract-data	kind	KIND_UNKNOWN	samples/중소벤처기업부/2017/extract-data-003681.hwpx	중소벤처기업부	2017	hwpx	token	9	9	
u_extract_data-003682	extract-data	kind	KIND_OK	samples/과학기술정보통신부/2017/extract-data-003682.hwp	과학기술정보통신부	2017	hwp	date	10	10	
u_extract_data-003683	extract-data	kind	KIND_OK	samples/문화체육관광부/2017/extract-data-003683.hwpx	문화체육관광부	2017	hwpx	amount	11	11	
u_extract_data-003684	extract-data	kind	KIND_OK	samples/환경부/2017/extract-data-003684.hwp	환경부	2017	hwp	number	0	0	
u_extract_data-003685	extract-data	kind	KIND_OK	samples/해양수산부/2017/extract-data-003685.hwpx	해양수산부	2017	hwpx	all	1	1	
u_extract_data-003686	extract-data	kind	KIND_OK	samples/서울특별시/2017/extract-data-003686.hwp	서울특별시	2017	hwp	date	2	2	
u_extract_data-003687	extract-data	kind	COUNT_DRIFT	samples/경기도/2017/extract-data-003687.hwpx	경기도	2017	hwpx	amount	3	4	
u_extract_data-003688	extract-data	kind	KIND_UNKNOWN	samples/부산광역시/2017/extract-data-003688.hwp	부산광역시	2017	hwp	token	4	4	
u_extract_data-003689	extract-data	kind	KIND_OK	samples/제주특별자치도/2017/extract-data-003689.hwpx	제주특별자치도	2017	hwpx	date	5	5	
u_extract_data-003690	extract-data	kind	KIND_OK	samples/법제처/2018/extract-data-003690.hwp	법제처	2018	hwp	amount	6	6	
u_extract_data-003691	extract-data	kind	KIND_OK	samples/행정안전부/2018/extract-data-003691.hwpx	행정안전부	2018	hwpx	number	7	7	
u_extract_data-003692	extract-data	kind	KIND_OK	samples/국세청/2018/extract-data-003692.hwp	국세청	2018	hwp	all	8	8	
u_extract_data-003693	extract-data	kind	KIND_OK	samples/대법원/2018/extract-data-003693.hwpx	대법원	2018	hwpx	date	9	9	
u_extract_data-003694	extract-data	kind	COUNT_DRIFT	samples/특허청/2018/extract-data-003694.hwp	특허청	2018	hwp	amount	10	11	
u_extract_data-003695	extract-data	kind	KIND_UNKNOWN	samples/교육부/2018/extract-data-003695.hwpx	교육부	2018	hwpx	token	11	11	
u_extract_data-003696	extract-data	kind	KIND_OK	samples/보건복지부/2018/extract-data-003696.hwp	보건복지부	2018	hwp	date	0	0	
u_extract_data-003697	extract-data	kind	KIND_OK	samples/국토교통부/2018/extract-data-003697.hwpx	국토교통부	2018	hwpx	amount	1	1	
u_extract_data-003698	extract-data	kind	KIND_OK	samples/고용노동부/2018/extract-data-003698.hwp	고용노동부	2018	hwp	number	2	2	
u_extract_data-003699	extract-data	kind	KIND_OK	samples/외교부/2018/extract-data-003699.hwpx	외교부	2018	hwpx	all	3	3	
u_extract_data-003700	extract-data	kind	KIND_OK	samples/기획재정부/2018/extract-data-003700.hwp	기획재정부	2018	hwp	date	4	4	
u_extract_data-003701	extract-data	kind	COUNT_DRIFT	samples/공정거래위원회/2018/extract-data-003701.hwpx	공정거래위원회	2018	hwpx	amount	5	6	
u_extract_data-003702	extract-data	kind	KIND_UNKNOWN	samples/금융위원회/2018/extract-data-003702.hwp	금융위원회	2018	hwp	token	6	6	
u_extract_data-003703	extract-data	kind	KIND_OK	samples/통계청/2018/extract-data-003703.hwpx	통계청	2018	hwpx	date	7	7	
u_extract_data-003704	extract-data	kind	KIND_OK	samples/기상청/2018/extract-data-003704.hwp	기상청	2018	hwp	amount	8	8	
u_extract_data-003705	extract-data	kind	KIND_OK	samples/관세청/2018/extract-data-003705.hwpx	관세청	2018	hwpx	number	9	9	
u_extract_data-003706	extract-data	kind	KIND_OK	samples/검찰청/2018/extract-data-003706.hwp	검찰청	2018	hwp	all	10	10	
u_extract_data-003707	extract-data	kind	KIND_OK	samples/경찰청/2018/extract-data-003707.hwpx	경찰청	2018	hwpx	date	11	11	
u_extract_data-003708	extract-data	kind	COUNT_DRIFT	samples/소방청/2018/extract-data-003708.hwp	소방청	2018	hwp	amount	0	1	
u_extract_data-003709	extract-data	kind	KIND_UNKNOWN	samples/병무청/2018/extract-data-003709.hwpx	병무청	2018	hwpx	token	1	1	
u_extract_data-003710	extract-data	kind	KIND_OK	samples/산림청/2018/extract-data-003710.hwp	산림청	2018	hwp	date	2	2	
u_extract_data-003711	extract-data	kind	KIND_OK	samples/중소벤처기업부/2018/extract-data-003711.hwpx	중소벤처기업부	2018	hwpx	amount	3	3	
u_extract_data-003712	extract-data	kind	KIND_OK	samples/과학기술정보통신부/2018/extract-data-003712.hwp	과학기술정보통신부	2018	hwp	number	4	4	
u_extract_data-003713	extract-data	kind	KIND_OK	samples/문화체육관광부/2018/extract-data-003713.hwpx	문화체육관광부	2018	hwpx	all	5	5	
u_extract_data-003714	extract-data	kind	KIND_OK	samples/환경부/2018/extract-data-003714.hwp	환경부	2018	hwp	date	6	6	
u_extract_data-003715	extract-data	kind	COUNT_DRIFT	samples/해양수산부/2018/extract-data-003715.hwpx	해양수산부	2018	hwpx	amount	7	8	
u_extract_data-003716	extract-data	kind	KIND_UNKNOWN	samples/서울특별시/2018/extract-data-003716.hwp	서울특별시	2018	hwp	token	8	8	
u_extract_data-003717	extract-data	kind	KIND_OK	samples/경기도/2018/extract-data-003717.hwpx	경기도	2018	hwpx	date	9	9	
u_extract_data-003718	extract-data	kind	KIND_OK	samples/부산광역시/2018/extract-data-003718.hwp	부산광역시	2018	hwp	amount	10	10	
u_extract_data-003719	extract-data	kind	KIND_OK	samples/제주특별자치도/2018/extract-data-003719.hwpx	제주특별자치도	2018	hwpx	number	11	11	
u_extract_data-003720	extract-data	kind	KIND_OK	samples/법제처/2019/extract-data-003720.hwp	법제처	2019	hwp	all	0	0	
u_extract_data-003721	extract-data	kind	KIND_OK	samples/행정안전부/2019/extract-data-003721.hwpx	행정안전부	2019	hwpx	date	1	1	
u_extract_data-003722	extract-data	kind	COUNT_DRIFT	samples/국세청/2019/extract-data-003722.hwp	국세청	2019	hwp	amount	2	3	
u_extract_data-003723	extract-data	kind	KIND_UNKNOWN	samples/대법원/2019/extract-data-003723.hwpx	대법원	2019	hwpx	token	3	3	
u_extract_data-003724	extract-data	kind	KIND_OK	samples/특허청/2019/extract-data-003724.hwp	특허청	2019	hwp	date	4	4	
u_extract_data-003725	extract-data	kind	KIND_OK	samples/교육부/2019/extract-data-003725.hwpx	교육부	2019	hwpx	amount	5	5	
u_extract_data-003726	extract-data	kind	KIND_OK	samples/보건복지부/2019/extract-data-003726.hwp	보건복지부	2019	hwp	number	6	6	
u_extract_data-003727	extract-data	kind	KIND_OK	samples/국토교통부/2019/extract-data-003727.hwpx	국토교통부	2019	hwpx	all	7	7	
u_extract_data-003728	extract-data	kind	KIND_OK	samples/고용노동부/2019/extract-data-003728.hwp	고용노동부	2019	hwp	date	8	8	
u_extract_data-003729	extract-data	kind	COUNT_DRIFT	samples/외교부/2019/extract-data-003729.hwpx	외교부	2019	hwpx	amount	9	10	
u_extract_data-003730	extract-data	kind	KIND_UNKNOWN	samples/기획재정부/2019/extract-data-003730.hwp	기획재정부	2019	hwp	token	10	10	
u_extract_data-003731	extract-data	kind	KIND_OK	samples/공정거래위원회/2019/extract-data-003731.hwpx	공정거래위원회	2019	hwpx	date	11	11	
u_extract_data-003732	extract-data	kind	KIND_OK	samples/금융위원회/2019/extract-data-003732.hwp	금융위원회	2019	hwp	amount	0	0	
u_extract_data-003733	extract-data	kind	KIND_OK	samples/통계청/2019/extract-data-003733.hwpx	통계청	2019	hwpx	number	1	1	
u_extract_data-003734	extract-data	kind	KIND_OK	samples/기상청/2019/extract-data-003734.hwp	기상청	2019	hwp	all	2	2	
u_extract_data-003735	extract-data	kind	KIND_OK	samples/관세청/2019/extract-data-003735.hwpx	관세청	2019	hwpx	date	3	3	
u_extract_data-003736	extract-data	kind	COUNT_DRIFT	samples/검찰청/2019/extract-data-003736.hwp	검찰청	2019	hwp	amount	4	5	
u_extract_data-003737	extract-data	kind	KIND_UNKNOWN	samples/경찰청/2019/extract-data-003737.hwpx	경찰청	2019	hwpx	token	5	5	
u_extract_data-003738	extract-data	kind	KIND_OK	samples/소방청/2019/extract-data-003738.hwp	소방청	2019	hwp	date	6	6	
u_extract_data-003739	extract-data	kind	KIND_OK	samples/병무청/2019/extract-data-003739.hwpx	병무청	2019	hwpx	amount	7	7	
u_extract_data-003740	extract-data	kind	KIND_OK	samples/산림청/2019/extract-data-003740.hwp	산림청	2019	hwp	number	8	8	
u_extract_data-003741	extract-data	kind	KIND_OK	samples/중소벤처기업부/2019/extract-data-003741.hwpx	중소벤처기업부	2019	hwpx	all	9	9	
u_extract_data-003742	extract-data	kind	KIND_OK	samples/과학기술정보통신부/2019/extract-data-003742.hwp	과학기술정보통신부	2019	hwp	date	10	10	
u_extract_data-003743	extract-data	kind	COUNT_DRIFT	samples/문화체육관광부/2019/extract-data-003743.hwpx	문화체육관광부	2019	hwpx	amount	11	12	
u_extract_data-003744	extract-data	kind	KIND_UNKNOWN	samples/환경부/2019/extract-data-003744.hwp	환경부	2019	hwp	token	0	0	
u_extract_data-003745	extract-data	kind	KIND_OK	samples/해양수산부/2019/extract-data-003745.hwpx	해양수산부	2019	hwpx	date	1	1	
u_extract_data-003746	extract-data	kind	KIND_OK	samples/서울특별시/2019/extract-data-003746.hwp	서울특별시	2019	hwp	amount	2	2	
u_extract_data-003747	extract-data	kind	KIND_OK	samples/경기도/2019/extract-data-003747.hwpx	경기도	2019	hwpx	number	3	3	
u_extract_data-003748	extract-data	kind	KIND_OK	samples/부산광역시/2019/extract-data-003748.hwp	부산광역시	2019	hwp	all	4	4	
u_extract_data-003749	extract-data	kind	KIND_OK	samples/제주특별자치도/2019/extract-data-003749.hwpx	제주특별자치도	2019	hwpx	date	5	5	
u_extract_data-003750	extract-data	kind	COUNT_DRIFT	samples/법제처/2020/extract-data-003750.hwp	법제처	2020	hwp	amount	6	7	
u_extract_data-003751	extract-data	kind	KIND_UNKNOWN	samples/행정안전부/2020/extract-data-003751.hwpx	행정안전부	2020	hwpx	token	7	7	
u_extract_data-003752	extract-data	kind	KIND_OK	samples/국세청/2020/extract-data-003752.hwp	국세청	2020	hwp	date	8	8	
u_extract_data-003753	extract-data	kind	KIND_OK	samples/대법원/2020/extract-data-003753.hwpx	대법원	2020	hwpx	amount	9	9	
u_extract_data-003754	extract-data	kind	KIND_OK	samples/특허청/2020/extract-data-003754.hwp	특허청	2020	hwp	number	10	10	
u_extract_data-003755	extract-data	kind	KIND_OK	samples/교육부/2020/extract-data-003755.hwpx	교육부	2020	hwpx	all	11	11	
u_extract_data-003756	extract-data	kind	KIND_OK	samples/보건복지부/2020/extract-data-003756.hwp	보건복지부	2020	hwp	date	0	0	
u_extract_data-003757	extract-data	kind	COUNT_DRIFT	samples/국토교통부/2020/extract-data-003757.hwpx	국토교통부	2020	hwpx	amount	1	2	
u_extract_data-003758	extract-data	kind	KIND_UNKNOWN	samples/고용노동부/2020/extract-data-003758.hwp	고용노동부	2020	hwp	token	2	2	
u_extract_data-003759	extract-data	kind	KIND_OK	samples/외교부/2020/extract-data-003759.hwpx	외교부	2020	hwpx	date	3	3	
u_extract_data-003760	extract-data	kind	KIND_OK	samples/기획재정부/2020/extract-data-003760.hwp	기획재정부	2020	hwp	amount	4	4	
u_extract_data-003761	extract-data	kind	KIND_OK	samples/공정거래위원회/2020/extract-data-003761.hwpx	공정거래위원회	2020	hwpx	number	5	5	
u_extract_data-003762	extract-data	kind	KIND_OK	samples/금융위원회/2020/extract-data-003762.hwp	금융위원회	2020	hwp	all	6	6	
u_extract_data-003763	extract-data	kind	KIND_OK	samples/통계청/2020/extract-data-003763.hwpx	통계청	2020	hwpx	date	7	7	
u_extract_data-003764	extract-data	kind	COUNT_DRIFT	samples/기상청/2020/extract-data-003764.hwp	기상청	2020	hwp	amount	8	9	
u_extract_data-003765	extract-data	kind	KIND_UNKNOWN	samples/관세청/2020/extract-data-003765.hwpx	관세청	2020	hwpx	token	9	9	
u_extract_data-003766	extract-data	kind	KIND_OK	samples/검찰청/2020/extract-data-003766.hwp	검찰청	2020	hwp	date	10	10	
u_extract_data-003767	extract-data	kind	KIND_OK	samples/경찰청/2020/extract-data-003767.hwpx	경찰청	2020	hwpx	amount	11	11	
u_extract_data-003768	extract-data	kind	KIND_OK	samples/소방청/2020/extract-data-003768.hwp	소방청	2020	hwp	number	0	0	
u_extract_data-003769	extract-data	kind	KIND_OK	samples/병무청/2020/extract-data-003769.hwpx	병무청	2020	hwpx	all	1	1	
u_extract_data-003770	extract-data	kind	KIND_OK	samples/산림청/2020/extract-data-003770.hwp	산림청	2020	hwp	date	2	2	
u_extract_data-003771	extract-data	kind	COUNT_DRIFT	samples/중소벤처기업부/2020/extract-data-003771.hwpx	중소벤처기업부	2020	hwpx	amount	3	4	
u_extract_data-003772	extract-data	kind	KIND_UNKNOWN	samples/과학기술정보통신부/2020/extract-data-003772.hwp	과학기술정보통신부	2020	hwp	token	4	4	
u_extract_data-003773	extract-data	kind	KIND_OK	samples/문화체육관광부/2020/extract-data-003773.hwpx	문화체육관광부	2020	hwpx	date	5	5	
u_extract_data-003774	extract-data	kind	KIND_OK	samples/환경부/2020/extract-data-003774.hwp	환경부	2020	hwp	amount	6	6	
u_extract_data-003775	extract-data	kind	KIND_OK	samples/해양수산부/2020/extract-data-003775.hwpx	해양수산부	2020	hwpx	number	7	7	
u_extract_data-003776	extract-data	kind	KIND_OK	samples/서울특별시/2020/extract-data-003776.hwp	서울특별시	2020	hwp	all	8	8	
u_extract_data-003777	extract-data	kind	KIND_OK	samples/경기도/2020/extract-data-003777.hwpx	경기도	2020	hwpx	date	9	9	
u_extract_data-003778	extract-data	kind	COUNT_DRIFT	samples/부산광역시/2020/extract-data-003778.hwp	부산광역시	2020	hwp	amount	10	11	
u_extract_data-003779	extract-data	kind	KIND_UNKNOWN	samples/제주특별자치도/2020/extract-data-003779.hwpx	제주특별자치도	2020	hwpx	token	11	11	
u_extract_data-003780	extract-data	kind	KIND_OK	samples/법제처/2021/extract-data-003780.hwp	법제처	2021	hwp	date	0	0	
u_extract_data-003781	extract-data	kind	KIND_OK	samples/행정안전부/2021/extract-data-003781.hwpx	행정안전부	2021	hwpx	amount	1	1	
u_extract_data-003782	extract-data	kind	KIND_OK	samples/국세청/2021/extract-data-003782.hwp	국세청	2021	hwp	number	2	2	
u_extract_data-003783	extract-data	kind	KIND_OK	samples/대법원/2021/extract-data-003783.hwpx	대법원	2021	hwpx	all	3	3	
u_extract_data-003784	extract-data	kind	KIND_OK	samples/특허청/2021/extract-data-003784.hwp	특허청	2021	hwp	date	4	4	
u_extract_data-003785	extract-data	kind	COUNT_DRIFT	samples/교육부/2021/extract-data-003785.hwpx	교육부	2021	hwpx	amount	5	6	
u_extract_data-003786	extract-data	kind	KIND_UNKNOWN	samples/보건복지부/2021/extract-data-003786.hwp	보건복지부	2021	hwp	token	6	6	
u_extract_data-003787	extract-data	kind	KIND_OK	samples/국토교통부/2021/extract-data-003787.hwpx	국토교통부	2021	hwpx	date	7	7	
u_extract_data-003788	extract-data	kind	KIND_OK	samples/고용노동부/2021/extract-data-003788.hwp	고용노동부	2021	hwp	amount	8	8	
u_extract_data-003789	extract-data	kind	KIND_OK	samples/외교부/2021/extract-data-003789.hwpx	외교부	2021	hwpx	number	9	9	
u_extract_data-003790	extract-data	kind	KIND_OK	samples/기획재정부/2021/extract-data-003790.hwp	기획재정부	2021	hwp	all	10	10	
u_extract_data-003791	extract-data	kind	KIND_OK	samples/공정거래위원회/2021/extract-data-003791.hwpx	공정거래위원회	2021	hwpx	date	11	11	
u_extract_data-003792	extract-data	kind	COUNT_DRIFT	samples/금융위원회/2021/extract-data-003792.hwp	금융위원회	2021	hwp	amount	0	1	
u_extract_data-003793	extract-data	kind	KIND_UNKNOWN	samples/통계청/2021/extract-data-003793.hwpx	통계청	2021	hwpx	token	1	1	
u_extract_data-003794	extract-data	kind	KIND_OK	samples/기상청/2021/extract-data-003794.hwp	기상청	2021	hwp	date	2	2	
u_extract_data-003795	extract-data	kind	KIND_OK	samples/관세청/2021/extract-data-003795.hwpx	관세청	2021	hwpx	amount	3	3	
u_extract_data-003796	extract-data	kind	KIND_OK	samples/검찰청/2021/extract-data-003796.hwp	검찰청	2021	hwp	number	4	4	
u_extract_data-003797	extract-data	kind	KIND_OK	samples/경찰청/2021/extract-data-003797.hwpx	경찰청	2021	hwpx	all	5	5	
u_extract_data-003798	extract-data	kind	KIND_OK	samples/소방청/2021/extract-data-003798.hwp	소방청	2021	hwp	date	6	6	
u_extract_data-003799	extract-data	kind	COUNT_DRIFT	samples/병무청/2021/extract-data-003799.hwpx	병무청	2021	hwpx	amount	7	8	
u_extract_data-003800	extract-data	kind	KIND_UNKNOWN	samples/산림청/2021/extract-data-003800.hwp	산림청	2021	hwp	token	8	8	
u_extract_data-003801	extract-data	kind	KIND_OK	samples/중소벤처기업부/2021/extract-data-003801.hwpx	중소벤처기업부	2021	hwpx	date	9	9	
u_extract_data-003802	extract-data	kind	KIND_OK	samples/과학기술정보통신부/2021/extract-data-003802.hwp	과학기술정보통신부	2021	hwp	amount	10	10	
u_extract_data-003803	extract-data	kind	KIND_OK	samples/문화체육관광부/2021/extract-data-003803.hwpx	문화체육관광부	2021	hwpx	number	11	11	
u_extract_data-003804	extract-data	kind	KIND_OK	samples/환경부/2021/extract-data-003804.hwp	환경부	2021	hwp	all	0	0	
u_extract_data-003805	extract-data	kind	KIND_OK	samples/해양수산부/2021/extract-data-003805.hwpx	해양수산부	2021	hwpx	date	1	1	
u_extract_data-003806	extract-data	kind	COUNT_DRIFT	samples/서울특별시/2021/extract-data-003806.hwp	서울특별시	2021	hwp	amount	2	3	
u_extract_data-003807	extract-data	kind	KIND_UNKNOWN	samples/경기도/2021/extract-data-003807.hwpx	경기도	2021	hwpx	token	3	3	
u_extract_data-003808	extract-data	kind	KIND_OK	samples/부산광역시/2021/extract-data-003808.hwp	부산광역시	2021	hwp	date	4	4	
u_extract_data-003809	extract-data	kind	KIND_OK	samples/제주특별자치도/2021/extract-data-003809.hwpx	제주특별자치도	2021	hwpx	amount	5	5	
u_extract_data-003810	extract-data	kind	KIND_OK	samples/법제처/2022/extract-data-003810.hwp	법제처	2022	hwp	number	6	6	
u_extract_data-003811	extract-data	kind	KIND_OK	samples/행정안전부/2022/extract-data-003811.hwpx	행정안전부	2022	hwpx	all	7	7	
u_extract_data-003812	extract-data	kind	KIND_OK	samples/국세청/2022/extract-data-003812.hwp	국세청	2022	hwp	date	8	8	
u_extract_data-003813	extract-data	kind	COUNT_DRIFT	samples/대법원/2022/extract-data-003813.hwpx	대법원	2022	hwpx	amount	9	10	
u_extract_data-003814	extract-data	kind	KIND_UNKNOWN	samples/특허청/2022/extract-data-003814.hwp	특허청	2022	hwp	token	10	10	
u_extract_data-003815	extract-data	kind	KIND_OK	samples/교육부/2022/extract-data-003815.hwpx	교육부	2022	hwpx	date	11	11	
u_extract_data-003816	extract-data	kind	KIND_OK	samples/보건복지부/2022/extract-data-003816.hwp	보건복지부	2022	hwp	amount	0	0	
u_extract_data-003817	extract-data	kind	KIND_OK	samples/국토교통부/2022/extract-data-003817.hwpx	국토교통부	2022	hwpx	number	1	1	
u_extract_data-003818	extract-data	kind	KIND_OK	samples/고용노동부/2022/extract-data-003818.hwp	고용노동부	2022	hwp	all	2	2	
u_extract_data-003819	extract-data	kind	KIND_OK	samples/외교부/2022/extract-data-003819.hwpx	외교부	2022	hwpx	date	3	3	
u_extract_data-003820	extract-data	kind	COUNT_DRIFT	samples/기획재정부/2022/extract-data-003820.hwp	기획재정부	2022	hwp	amount	4	5	
u_extract_data-003821	extract-data	kind	KIND_UNKNOWN	samples/공정거래위원회/2022/extract-data-003821.hwpx	공정거래위원회	2022	hwpx	token	5	5	
u_extract_data-003822	extract-data	kind	KIND_OK	samples/금융위원회/2022/extract-data-003822.hwp	금융위원회	2022	hwp	date	6	6	
u_extract_data-003823	extract-data	kind	KIND_OK	samples/통계청/2022/extract-data-003823.hwpx	통계청	2022	hwpx	amount	7	7	
u_extract_data-003824	extract-data	kind	KIND_OK	samples/기상청/2022/extract-data-003824.hwp	기상청	2022	hwp	number	8	8	
u_extract_data-003825	extract-data	kind	KIND_OK	samples/관세청/2022/extract-data-003825.hwpx	관세청	2022	hwpx	all	9	9	
u_extract_data-003826	extract-data	kind	KIND_OK	samples/검찰청/2022/extract-data-003826.hwp	검찰청	2022	hwp	date	10	10	
u_extract_data-003827	extract-data	kind	COUNT_DRIFT	samples/경찰청/2022/extract-data-003827.hwpx	경찰청	2022	hwpx	amount	11	12	
u_extract_data-003828	extract-data	kind	KIND_UNKNOWN	samples/소방청/2022/extract-data-003828.hwp	소방청	2022	hwp	token	0	0	
u_extract_data-003829	extract-data	kind	KIND_OK	samples/병무청/2022/extract-data-003829.hwpx	병무청	2022	hwpx	date	1	1	
u_extract_data-003830	extract-data	kind	KIND_OK	samples/산림청/2022/extract-data-003830.hwp	산림청	2022	hwp	amount	2	2	
u_extract_data-003831	extract-data	kind	KIND_OK	samples/중소벤처기업부/2022/extract-data-003831.hwpx	중소벤처기업부	2022	hwpx	number	3	3	
u_extract_data-003832	extract-data	kind	KIND_OK	samples/과학기술정보통신부/2022/extract-data-003832.hwp	과학기술정보통신부	2022	hwp	all	4	4	
u_extract_data-003833	extract-data	kind	KIND_OK	samples/문화체육관광부/2022/extract-data-003833.hwpx	문화체육관광부	2022	hwpx	date	5	5	
u_extract_data-003834	extract-data	kind	COUNT_DRIFT	samples/환경부/2022/extract-data-003834.hwp	환경부	2022	hwp	amount	6	7	
u_extract_data-003835	extract-data	kind	KIND_UNKNOWN	samples/해양수산부/2022/extract-data-003835.hwpx	해양수산부	2022	hwpx	token	7	7	
u_extract_data-003836	extract-data	kind	KIND_OK	samples/서울특별시/2022/extract-data-003836.hwp	서울특별시	2022	hwp	date	8	8	
u_extract_data-003837	extract-data	kind	KIND_OK	samples/경기도/2022/extract-data-003837.hwpx	경기도	2022	hwpx	amount	9	9	
u_extract_data-003838	extract-data	kind	KIND_OK	samples/부산광역시/2022/extract-data-003838.hwp	부산광역시	2022	hwp	number	10	10	
u_extract_data-003839	extract-data	kind	KIND_OK	samples/제주특별자치도/2022/extract-data-003839.hwpx	제주특별자치도	2022	hwpx	all	11	11	
u_extract_data-003840	extract-data	kind	KIND_OK	samples/법제처/2023/extract-data-003840.hwp	법제처	2023	hwp	date	0	0	
u_extract_data-003841	extract-data	kind	COUNT_DRIFT	samples/행정안전부/2023/extract-data-003841.hwpx	행정안전부	2023	hwpx	amount	1	2	
u_extract_data-003842	extract-data	kind	KIND_UNKNOWN	samples/국세청/2023/extract-data-003842.hwp	국세청	2023	hwp	token	2	2	
u_extract_data-003843	extract-data	kind	KIND_OK	samples/대법원/2023/extract-data-003843.hwpx	대법원	2023	hwpx	date	3	3	
u_extract_data-003844	extract-data	kind	KIND_OK	samples/특허청/2023/extract-data-003844.hwp	특허청	2023	hwp	amount	4	4	
u_extract_data-003845	extract-data	kind	KIND_OK	samples/교육부/2023/extract-data-003845.hwpx	교육부	2023	hwpx	number	5	5	
u_extract_data-003846	extract-data	kind	KIND_OK	samples/보건복지부/2023/extract-data-003846.hwp	보건복지부	2023	hwp	all	6	6	
u_extract_data-003847	extract-data	kind	KIND_OK	samples/국토교통부/2023/extract-data-003847.hwpx	국토교통부	2023	hwpx	date	7	7	
u_extract_data-003848	extract-data	kind	COUNT_DRIFT	samples/고용노동부/2023/extract-data-003848.hwp	고용노동부	2023	hwp	amount	8	9	
u_extract_data-003849	extract-data	kind	KIND_UNKNOWN	samples/외교부/2023/extract-data-003849.hwpx	외교부	2023	hwpx	token	9	9	
u_extract_data-003850	extract-data	kind	KIND_OK	samples/기획재정부/2023/extract-data-003850.hwp	기획재정부	2023	hwp	date	10	10	
u_extract_data-003851	extract-data	kind	KIND_OK	samples/공정거래위원회/2023/extract-data-003851.hwpx	공정거래위원회	2023	hwpx	amount	11	11	
u_extract_data-003852	extract-data	kind	KIND_OK	samples/금융위원회/2023/extract-data-003852.hwp	금융위원회	2023	hwp	number	0	0	
u_extract_data-003853	extract-data	kind	KIND_OK	samples/통계청/2023/extract-data-003853.hwpx	통계청	2023	hwpx	all	1	1	
u_extract_data-003854	extract-data	kind	KIND_OK	samples/기상청/2023/extract-data-003854.hwp	기상청	2023	hwp	date	2	2	
u_extract_data-003855	extract-data	kind	COUNT_DRIFT	samples/관세청/2023/extract-data-003855.hwpx	관세청	2023	hwpx	amount	3	4	
u_extract_data-003856	extract-data	kind	KIND_UNKNOWN	samples/검찰청/2023/extract-data-003856.hwp	검찰청	2023	hwp	token	4	4	
u_extract_data-003857	extract-data	kind	KIND_OK	samples/경찰청/2023/extract-data-003857.hwpx	경찰청	2023	hwpx	date	5	5	
u_extract_data-003858	extract-data	kind	KIND_OK	samples/소방청/2023/extract-data-003858.hwp	소방청	2023	hwp	amount	6	6	
u_extract_data-003859	extract-data	kind	KIND_OK	samples/병무청/2023/extract-data-003859.hwpx	병무청	2023	hwpx	number	7	7	
u_extract_data-003860	extract-data	kind	KIND_OK	samples/산림청/2023/extract-data-003860.hwp	산림청	2023	hwp	all	8	8	
u_extract_data-003861	extract-data	kind	KIND_OK	samples/중소벤처기업부/2023/extract-data-003861.hwpx	중소벤처기업부	2023	hwpx	date	9	9	
u_extract_data-003862	extract-data	kind	COUNT_DRIFT	samples/과학기술정보통신부/2023/extract-data-003862.hwp	과학기술정보통신부	2023	hwp	amount	10	11	
u_extract_data-003863	extract-data	kind	KIND_UNKNOWN	samples/문화체육관광부/2023/extract-data-003863.hwpx	문화체육관광부	2023	hwpx	token	11	11	
u_extract_data-003864	extract-data	kind	KIND_OK	samples/환경부/2023/extract-data-003864.hwp	환경부	2023	hwp	date	0	0	
u_extract_data-003865	extract-data	kind	KIND_OK	samples/해양수산부/2023/extract-data-003865.hwpx	해양수산부	2023	hwpx	amount	1	1	
u_extract_data-003866	extract-data	kind	KIND_OK	samples/서울특별시/2023/extract-data-003866.hwp	서울특별시	2023	hwp	number	2	2	
u_extract_data-003867	extract-data	kind	KIND_OK	samples/경기도/2023/extract-data-003867.hwpx	경기도	2023	hwpx	all	3	3	
u_extract_data-003868	extract-data	kind	KIND_OK	samples/부산광역시/2023/extract-data-003868.hwp	부산광역시	2023	hwp	date	4	4	
u_extract_data-003869	extract-data	kind	COUNT_DRIFT	samples/제주특별자치도/2023/extract-data-003869.hwpx	제주특별자치도	2023	hwpx	amount	5	6	
u_extract_data-003870	extract-data	kind	KIND_UNKNOWN	samples/법제처/2024/extract-data-003870.hwp	법제처	2024	hwp	token	6	6	
u_extract_data-003871	extract-data	kind	KIND_OK	samples/행정안전부/2024/extract-data-003871.hwpx	행정안전부	2024	hwpx	date	7	7	
u_extract_data-003872	extract-data	kind	KIND_OK	samples/국세청/2024/extract-data-003872.hwp	국세청	2024	hwp	amount	8	8	
u_extract_data-003873	extract-data	kind	KIND_OK	samples/대법원/2024/extract-data-003873.hwpx	대법원	2024	hwpx	number	9	9	
u_extract_data-003874	extract-data	kind	KIND_OK	samples/특허청/2024/extract-data-003874.hwp	특허청	2024	hwp	all	10	10	
u_extract_data-003875	extract-data	kind	KIND_OK	samples/교육부/2024/extract-data-003875.hwpx	교육부	2024	hwpx	date	11	11	
u_extract_data-003876	extract-data	kind	COUNT_DRIFT	samples/보건복지부/2024/extract-data-003876.hwp	보건복지부	2024	hwp	amount	0	1	
u_extract_data-003877	extract-data	kind	KIND_UNKNOWN	samples/국토교통부/2024/extract-data-003877.hwpx	국토교통부	2024	hwpx	token	1	1	
u_extract_data-003878	extract-data	kind	KIND_OK	samples/고용노동부/2024/extract-data-003878.hwp	고용노동부	2024	hwp	date	2	2	
u_extract_data-003879	extract-data	kind	KIND_OK	samples/외교부/2024/extract-data-003879.hwpx	외교부	2024	hwpx	amount	3	3	
u_extract_data-003880	extract-data	kind	KIND_OK	samples/기획재정부/2024/extract-data-003880.hwp	기획재정부	2024	hwp	number	4	4	
u_extract_data-003881	extract-data	kind	KIND_OK	samples/공정거래위원회/2024/extract-data-003881.hwpx	공정거래위원회	2024	hwpx	all	5	5	
u_extract_data-003882	extract-data	kind	KIND_OK	samples/금융위원회/2024/extract-data-003882.hwp	금융위원회	2024	hwp	date	6	6	
u_extract_data-003883	extract-data	kind	COUNT_DRIFT	samples/통계청/2024/extract-data-003883.hwpx	통계청	2024	hwpx	amount	7	8	
u_extract_data-003884	extract-data	kind	KIND_UNKNOWN	samples/기상청/2024/extract-data-003884.hwp	기상청	2024	hwp	token	8	8	
u_extract_data-003885	extract-data	kind	KIND_OK	samples/관세청/2024/extract-data-003885.hwpx	관세청	2024	hwpx	date	9	9	
u_extract_data-003886	extract-data	kind	KIND_OK	samples/검찰청/2024/extract-data-003886.hwp	검찰청	2024	hwp	amount	10	10	
u_extract_data-003887	extract-data	kind	KIND_OK	samples/경찰청/2024/extract-data-003887.hwpx	경찰청	2024	hwpx	number	11	11	
u_extract_data-003888	extract-data	kind	KIND_OK	samples/소방청/2024/extract-data-003888.hwp	소방청	2024	hwp	all	0	0	
u_extract_data-003889	extract-data	kind	KIND_OK	samples/병무청/2024/extract-data-003889.hwpx	병무청	2024	hwpx	date	1	1	
u_extract_data-003890	extract-data	kind	COUNT_DRIFT	samples/산림청/2024/extract-data-003890.hwp	산림청	2024	hwp	amount	2	3	
u_extract_data-003891	extract-data	kind	KIND_UNKNOWN	samples/중소벤처기업부/2024/extract-data-003891.hwpx	중소벤처기업부	2024	hwpx	token	3	3	
u_extract_data-003892	extract-data	kind	KIND_OK	samples/과학기술정보통신부/2024/extract-data-003892.hwp	과학기술정보통신부	2024	hwp	date	4	4	
u_extract_data-003893	extract-data	kind	KIND_OK	samples/문화체육관광부/2024/extract-data-003893.hwpx	문화체육관광부	2024	hwpx	amount	5	5	
u_extract_data-003894	extract-data	kind	KIND_OK	samples/환경부/2024/extract-data-003894.hwp	환경부	2024	hwp	number	6	6	
u_extract_data-003895	extract-data	kind	KIND_OK	samples/해양수산부/2024/extract-data-003895.hwpx	해양수산부	2024	hwpx	all	7	7	
u_extract_data-003896	extract-data	kind	KIND_OK	samples/서울특별시/2024/extract-data-003896.hwp	서울특별시	2024	hwp	date	8	8	
u_extract_data-003897	extract-data	kind	COUNT_DRIFT	samples/경기도/2024/extract-data-003897.hwpx	경기도	2024	hwpx	amount	9	10	
u_extract_data-003898	extract-data	kind	KIND_UNKNOWN	samples/부산광역시/2024/extract-data-003898.hwp	부산광역시	2024	hwp	token	10	10	
u_extract_data-003899	extract-data	kind	KIND_OK	samples/제주특별자치도/2024/extract-data-003899.hwpx	제주특별자치도	2024	hwpx	date	11	11	
u_extract_data-003900	extract-data	kind	KIND_OK	samples/법제처/2025/extract-data-003900.hwp	법제처	2025	hwp	amount	0	0	
u_extract_data-003901	extract-data	kind	KIND_OK	samples/행정안전부/2025/extract-data-003901.hwpx	행정안전부	2025	hwpx	number	1	1	
u_extract_data-003902	extract-data	kind	KIND_OK	samples/국세청/2025/extract-data-003902.hwp	국세청	2025	hwp	all	2	2	
u_extract_data-003903	extract-data	kind	KIND_OK	samples/대법원/2025/extract-data-003903.hwpx	대법원	2025	hwpx	date	3	3	
u_extract_data-003904	extract-data	kind	COUNT_DRIFT	samples/특허청/2025/extract-data-003904.hwp	특허청	2025	hwp	amount	4	5	
u_extract_data-003905	extract-data	kind	KIND_UNKNOWN	samples/교육부/2025/extract-data-003905.hwpx	교육부	2025	hwpx	token	5	5	
u_extract_data-003906	extract-data	kind	KIND_OK	samples/보건복지부/2025/extract-data-003906.hwp	보건복지부	2025	hwp	date	6	6	
u_extract_data-003907	extract-data	kind	KIND_OK	samples/국토교통부/2025/extract-data-003907.hwpx	국토교통부	2025	hwpx	amount	7	7	
u_extract_data-003908	extract-data	kind	KIND_OK	samples/고용노동부/2025/extract-data-003908.hwp	고용노동부	2025	hwp	number	8	8	
u_extract_data-003909	extract-data	kind	KIND_OK	samples/외교부/2025/extract-data-003909.hwpx	외교부	2025	hwpx	all	9	9	
u_extract_data-003910	extract-data	kind	KIND_OK	samples/기획재정부/2025/extract-data-003910.hwp	기획재정부	2025	hwp	date	10	10	
u_extract_data-003911	extract-data	kind	COUNT_DRIFT	samples/공정거래위원회/2025/extract-data-003911.hwpx	공정거래위원회	2025	hwpx	amount	11	12	
u_extract_data-003912	extract-data	kind	KIND_UNKNOWN	samples/금융위원회/2025/extract-data-003912.hwp	금융위원회	2025	hwp	token	0	0	
u_extract_data-003913	extract-data	kind	KIND_OK	samples/통계청/2025/extract-data-003913.hwpx	통계청	2025	hwpx	date	1	1	
u_extract_data-003914	extract-data	kind	KIND_OK	samples/기상청/2025/extract-data-003914.hwp	기상청	2025	hwp	amount	2	2	
u_extract_data-003915	extract-data	kind	KIND_OK	samples/관세청/2025/extract-data-003915.hwpx	관세청	2025	hwpx	number	3	3	
u_extract_data-003916	extract-data	kind	KIND_OK	samples/검찰청/2025/extract-data-003916.hwp	검찰청	2025	hwp	all	4	4	
u_extract_data-003917	extract-data	kind	KIND_OK	samples/경찰청/2025/extract-data-003917.hwpx	경찰청	2025	hwpx	date	5	5	
u_extract_data-003918	extract-data	kind	COUNT_DRIFT	samples/소방청/2025/extract-data-003918.hwp	소방청	2025	hwp	amount	6	7	
u_extract_data-003919	extract-data	kind	KIND_UNKNOWN	samples/병무청/2025/extract-data-003919.hwpx	병무청	2025	hwpx	token	7	7	
u_extract_data-003920	extract-data	kind	KIND_OK	samples/산림청/2025/extract-data-003920.hwp	산림청	2025	hwp	date	8	8	
u_extract_data-003921	extract-data	kind	KIND_OK	samples/중소벤처기업부/2025/extract-data-003921.hwpx	중소벤처기업부	2025	hwpx	amount	9	9	
u_extract_data-003922	extract-data	kind	KIND_OK	samples/과학기술정보통신부/2025/extract-data-003922.hwp	과학기술정보통신부	2025	hwp	number	10	10	
u_extract_data-003923	extract-data	kind	KIND_OK	samples/문화체육관광부/2025/extract-data-003923.hwpx	문화체육관광부	2025	hwpx	all	11	11	
u_extract_data-003924	extract-data	kind	KIND_OK	samples/환경부/2025/extract-data-003924.hwp	환경부	2025	hwp	date	0	0	
u_extract_data-003925	extract-data	kind	COUNT_DRIFT	samples/해양수산부/2025/extract-data-003925.hwpx	해양수산부	2025	hwpx	amount	1	2	
u_extract_data-003926	extract-data	kind	KIND_UNKNOWN	samples/서울특별시/2025/extract-data-003926.hwp	서울특별시	2025	hwp	token	2	2	
u_extract_data-003927	extract-data	kind	KIND_OK	samples/경기도/2025/extract-data-003927.hwpx	경기도	2025	hwpx	date	3	3	
u_extract_data-003928	extract-data	kind	KIND_OK	samples/부산광역시/2025/extract-data-003928.hwp	부산광역시	2025	hwp	amount	4	4	
u_extract_data-003929	extract-data	kind	KIND_OK	samples/제주특별자치도/2025/extract-data-003929.hwpx	제주특별자치도	2025	hwpx	number	5	5	
u_extract_data-003930	extract-data	kind	KIND_OK	samples/법제처/2026/extract-data-003930.hwp	법제처	2026	hwp	all	6	6	
u_extract_data-003931	extract-data	kind	KIND_OK	samples/행정안전부/2026/extract-data-003931.hwpx	행정안전부	2026	hwpx	date	7	7	
u_extract_data-003932	extract-data	kind	COUNT_DRIFT	samples/국세청/2026/extract-data-003932.hwp	국세청	2026	hwp	amount	8	9	
u_extract_data-003933	extract-data	kind	KIND_UNKNOWN	samples/대법원/2026/extract-data-003933.hwpx	대법원	2026	hwpx	token	9	9	
u_extract_data-003934	extract-data	kind	KIND_OK	samples/특허청/2026/extract-data-003934.hwp	특허청	2026	hwp	date	10	10	
u_extract_data-003935	extract-data	kind	KIND_OK	samples/교육부/2026/extract-data-003935.hwpx	교육부	2026	hwpx	amount	11	11	
u_extract_data-003936	extract-data	kind	KIND_OK	samples/보건복지부/2026/extract-data-003936.hwp	보건복지부	2026	hwp	number	0	0	
u_extract_data-003937	extract-data	kind	KIND_OK	samples/국토교통부/2026/extract-data-003937.hwpx	국토교통부	2026	hwpx	all	1	1	
u_extract_data-003938	extract-data	kind	KIND_OK	samples/고용노동부/2026/extract-data-003938.hwp	고용노동부	2026	hwp	date	2	2	
u_extract_data-003939	extract-data	kind	COUNT_DRIFT	samples/외교부/2026/extract-data-003939.hwpx	외교부	2026	hwpx	amount	3	4	
u_extract_data-003940	extract-data	kind	KIND_UNKNOWN	samples/기획재정부/2026/extract-data-003940.hwp	기획재정부	2026	hwp	token	4	4	
u_extract_data-003941	extract-data	kind	KIND_OK	samples/공정거래위원회/2026/extract-data-003941.hwpx	공정거래위원회	2026	hwpx	date	5	5	
u_extract_data-003942	extract-data	kind	KIND_OK	samples/금융위원회/2026/extract-data-003942.hwp	금융위원회	2026	hwp	amount	6	6	
u_extract_data-003943	extract-data	kind	KIND_OK	samples/통계청/2026/extract-data-003943.hwpx	통계청	2026	hwpx	number	7	7	
u_extract_data-003944	extract-data	kind	KIND_OK	samples/기상청/2026/extract-data-003944.hwp	기상청	2026	hwp	all	8	8	
u_extract_data-003945	extract-data	kind	KIND_OK	samples/관세청/2026/extract-data-003945.hwpx	관세청	2026	hwpx	date	9	9	
u_extract_data-003946	extract-data	kind	COUNT_DRIFT	samples/검찰청/2026/extract-data-003946.hwp	검찰청	2026	hwp	amount	10	11	
u_extract_data-003947	extract-data	kind	KIND_UNKNOWN	samples/경찰청/2026/extract-data-003947.hwpx	경찰청	2026	hwpx	token	11	11	
u_extract_data-003948	extract-data	kind	KIND_OK	samples/소방청/2026/extract-data-003948.hwp	소방청	2026	hwp	date	0	0	
u_extract_data-003949	extract-data	kind	KIND_OK	samples/병무청/2026/extract-data-003949.hwpx	병무청	2026	hwpx	amount	1	1	
u_extract_data-003950	extract-data	kind	KIND_OK	samples/산림청/2026/extract-data-003950.hwp	산림청	2026	hwp	number	2	2	
u_extract_data-003951	extract-data	kind	KIND_OK	samples/중소벤처기업부/2026/extract-data-003951.hwpx	중소벤처기업부	2026	hwpx	all	3	3	
u_extract_data-003952	extract-data	kind	KIND_OK	samples/과학기술정보통신부/2026/extract-data-003952.hwp	과학기술정보통신부	2026	hwp	date	4	4	
u_extract_data-003953	extract-data	kind	COUNT_DRIFT	samples/문화체육관광부/2026/extract-data-003953.hwpx	문화체육관광부	2026	hwpx	amount	5	6	
u_extract_data-003954	extract-data	kind	KIND_UNKNOWN	samples/환경부/2026/extract-data-003954.hwp	환경부	2026	hwp	token	6	6	
u_extract_data-003955	extract-data	kind	KIND_OK	samples/해양수산부/2026/extract-data-003955.hwpx	해양수산부	2026	hwpx	date	7	7	
u_extract_data-003956	extract-data	kind	KIND_OK	samples/서울특별시/2026/extract-data-003956.hwp	서울특별시	2026	hwp	amount	8	8	
u_extract_data-003957	extract-data	kind	KIND_OK	samples/경기도/2026/extract-data-003957.hwpx	경기도	2026	hwpx	number	9	9	
u_extract_data-003958	extract-data	kind	KIND_OK	samples/부산광역시/2026/extract-data-003958.hwp	부산광역시	2026	hwp	all	10	10	
u_extract_data-003959	extract-data	kind	KIND_OK	samples/제주특별자치도/2026/extract-data-003959.hwpx	제주특별자치도	2026	hwpx	date	11	11	
u_extract_data-003960	extract-data	kind	COUNT_DRIFT	samples/법제처/2016/extract-data-003960.hwp	법제처	2016	hwp	amount	0	1	
u_extract_data-003961	extract-data	kind	KIND_UNKNOWN	samples/행정안전부/2016/extract-data-003961.hwpx	행정안전부	2016	hwpx	token	1	1	
u_extract_data-003962	extract-data	kind	KIND_OK	samples/국세청/2016/extract-data-003962.hwp	국세청	2016	hwp	date	2	2	
u_extract_data-003963	extract-data	kind	KIND_OK	samples/대법원/2016/extract-data-003963.hwpx	대법원	2016	hwpx	amount	3	3	
u_extract_data-003964	extract-data	kind	KIND_OK	samples/특허청/2016/extract-data-003964.hwp	특허청	2016	hwp	number	4	4	
u_extract_data-003965	extract-data	kind	KIND_OK	samples/교육부/2016/extract-data-003965.hwpx	교육부	2016	hwpx	all	5	5	
u_extract_data-003966	extract-data	kind	KIND_OK	samples/보건복지부/2016/extract-data-003966.hwp	보건복지부	2016	hwp	date	6	6	
u_extract_data-003967	extract-data	kind	COUNT_DRIFT	samples/국토교통부/2016/extract-data-003967.hwpx	국토교통부	2016	hwpx	amount	7	8	
u_extract_data-003968	extract-data	kind	KIND_UNKNOWN	samples/고용노동부/2016/extract-data-003968.hwp	고용노동부	2016	hwp	token	8	8	
u_extract_data-003969	extract-data	kind	KIND_OK	samples/외교부/2016/extract-data-003969.hwpx	외교부	2016	hwpx	date	9	9	
u_extract_data-003970	extract-data	kind	KIND_OK	samples/기획재정부/2016/extract-data-003970.hwp	기획재정부	2016	hwp	amount	10	10	
u_extract_data-003971	extract-data	kind	KIND_OK	samples/공정거래위원회/2016/extract-data-003971.hwpx	공정거래위원회	2016	hwpx	number	11	11	
u_extract_data-003972	extract-data	kind	KIND_OK	samples/금융위원회/2016/extract-data-003972.hwp	금융위원회	2016	hwp	all	0	0	
u_extract_data-003973	extract-data	kind	KIND_OK	samples/통계청/2016/extract-data-003973.hwpx	통계청	2016	hwpx	date	1	1	
u_extract_data-003974	extract-data	kind	COUNT_DRIFT	samples/기상청/2016/extract-data-003974.hwp	기상청	2016	hwp	amount	2	3	
u_extract_data-003975	extract-data	kind	KIND_UNKNOWN	samples/관세청/2016/extract-data-003975.hwpx	관세청	2016	hwpx	token	3	3	
u_extract_data-003976	extract-data	kind	KIND_OK	samples/검찰청/2016/extract-data-003976.hwp	검찰청	2016	hwp	date	4	4	
u_extract_data-003977	extract-data	kind	KIND_OK	samples/경찰청/2016/extract-data-003977.hwpx	경찰청	2016	hwpx	amount	5	5	
u_extract_data-003978	extract-data	kind	KIND_OK	samples/소방청/2016/extract-data-003978.hwp	소방청	2016	hwp	number	6	6	
u_extract_data-003979	extract-data	kind	KIND_OK	samples/병무청/2016/extract-data-003979.hwpx	병무청	2016	hwpx	all	7	7	
u_extract_data-003980	extract-data	kind	KIND_OK	samples/산림청/2016/extract-data-003980.hwp	산림청	2016	hwp	date	8	8	
u_extract_data-003981	extract-data	kind	COUNT_DRIFT	samples/중소벤처기업부/2016/extract-data-003981.hwpx	중소벤처기업부	2016	hwpx	amount	9	10	
u_extract_data-003982	extract-data	kind	KIND_UNKNOWN	samples/과학기술정보통신부/2016/extract-data-003982.hwp	과학기술정보통신부	2016	hwp	token	10	10	
u_extract_data-003983	extract-data	kind	KIND_OK	samples/문화체육관광부/2016/extract-data-003983.hwpx	문화체육관광부	2016	hwpx	date	11	11	
u_extract_data-003984	extract-data	kind	KIND_OK	samples/환경부/2016/extract-data-003984.hwp	환경부	2016	hwp	amount	0	0	
u_extract_data-003985	extract-data	kind	KIND_OK	samples/해양수산부/2016/extract-data-003985.hwpx	해양수산부	2016	hwpx	number	1	1	
u_extract_data-003986	extract-data	kind	KIND_OK	samples/서울특별시/2016/extract-data-003986.hwp	서울특별시	2016	hwp	all	2	2	
u_extract_data-003987	extract-data	kind	KIND_OK	samples/경기도/2016/extract-data-003987.hwpx	경기도	2016	hwpx	date	3	3	
u_extract_data-003988	extract-data	kind	COUNT_DRIFT	samples/부산광역시/2016/extract-data-003988.hwp	부산광역시	2016	hwp	amount	4	5	
u_extract_data-003989	extract-data	kind	KIND_UNKNOWN	samples/제주특별자치도/2016/extract-data-003989.hwpx	제주특별자치도	2016	hwpx	token	5	5	
u_extract_data-003990	extract-data	kind	KIND_OK	samples/법제처/2017/extract-data-003990.hwp	법제처	2017	hwp	date	6	6	
u_extract_data-003991	extract-data	kind	KIND_OK	samples/행정안전부/2017/extract-data-003991.hwpx	행정안전부	2017	hwpx	amount	7	7	
u_extract_data-003992	extract-data	kind	KIND_OK	samples/국세청/2017/extract-data-003992.hwp	국세청	2017	hwp	number	8	8	
u_extract_data-003993	extract-data	kind	KIND_OK	samples/대법원/2017/extract-data-003993.hwpx	대법원	2017	hwpx	all	9	9	
u_extract_data-003994	extract-data	kind	KIND_OK	samples/특허청/2017/extract-data-003994.hwp	특허청	2017	hwp	date	10	10	
u_extract_data-003995	extract-data	kind	COUNT_DRIFT	samples/교육부/2017/extract-data-003995.hwpx	교육부	2017	hwpx	amount	11	12	
u_extract_data-003996	extract-data	kind	KIND_UNKNOWN	samples/보건복지부/2017/extract-data-003996.hwp	보건복지부	2017	hwp	token	0	0	
u_extract_data-003997	extract-data	kind	KIND_OK	samples/국토교통부/2017/extract-data-003997.hwpx	국토교통부	2017	hwpx	date	1	1	
u_extract_data-003998	extract-data	kind	KIND_OK	samples/고용노동부/2017/extract-data-003998.hwp	고용노동부	2017	hwp	amount	2	2	
u_extract_data-003999	extract-data	kind	KIND_OK	samples/외교부/2017/extract-data-003999.hwpx	외교부	2017	hwpx	number	3	3	
u_extract_data-004000	extract-data	kind	KIND_OK	samples/기획재정부/2017/extract-data-004000.hwp	기획재정부	2017	hwp	all	4	4	
u_extract_data-004001	extract-data	kind	KIND_OK	samples/공정거래위원회/2017/extract-data-004001.hwpx	공정거래위원회	2017	hwpx	date	5	5	
u_extract_data-004002	extract-data	kind	COUNT_DRIFT	samples/금융위원회/2017/extract-data-004002.hwp	금융위원회	2017	hwp	amount	6	7	
u_extract_data-004003	extract-data	kind	KIND_UNKNOWN	samples/통계청/2017/extract-data-004003.hwpx	통계청	2017	hwpx	token	7	7	
u_extract_data-004004	extract-data	kind	KIND_OK	samples/기상청/2017/extract-data-004004.hwp	기상청	2017	hwp	date	8	8	
u_extract_data-004005	extract-data	kind	KIND_OK	samples/관세청/2017/extract-data-004005.hwpx	관세청	2017	hwpx	amount	9	9	
u_extract_data-004006	extract-data	kind	KIND_OK	samples/검찰청/2017/extract-data-004006.hwp	검찰청	2017	hwp	number	10	10	
u_extract_data-004007	extract-data	kind	KIND_OK	samples/경찰청/2017/extract-data-004007.hwpx	경찰청	2017	hwpx	all	11	11	
u_extract_data-004008	extract-data	kind	KIND_OK	samples/소방청/2017/extract-data-004008.hwp	소방청	2017	hwp	date	0	0	
u_extract_data-004009	extract-data	kind	COUNT_DRIFT	samples/병무청/2017/extract-data-004009.hwpx	병무청	2017	hwpx	amount	1	2	
u_extract_data-004010	extract-data	kind	KIND_UNKNOWN	samples/산림청/2017/extract-data-004010.hwp	산림청	2017	hwp	token	2	2	
u_extract_data-004011	extract-data	kind	KIND_OK	samples/중소벤처기업부/2017/extract-data-004011.hwpx	중소벤처기업부	2017	hwpx	date	3	3	
u_extract_data-004012	extract-data	kind	KIND_OK	samples/과학기술정보통신부/2017/extract-data-004012.hwp	과학기술정보통신부	2017	hwp	amount	4	4	
u_extract_data-004013	extract-data	kind	KIND_OK	samples/문화체육관광부/2017/extract-data-004013.hwpx	문화체육관광부	2017	hwpx	number	5	5	
u_extract_data-004014	extract-data	kind	KIND_OK	samples/환경부/2017/extract-data-004014.hwp	환경부	2017	hwp	all	6	6	
u_extract_data-004015	extract-data	kind	KIND_OK	samples/해양수산부/2017/extract-data-004015.hwpx	해양수산부	2017	hwpx	date	7	7	
u_extract_data-004016	extract-data	kind	COUNT_DRIFT	samples/서울특별시/2017/extract-data-004016.hwp	서울특별시	2017	hwp	amount	8	9	
u_extract_data-004017	extract-data	kind	KIND_UNKNOWN	samples/경기도/2017/extract-data-004017.hwpx	경기도	2017	hwpx	token	9	9	
u_extract_data-004018	extract-data	kind	KIND_OK	samples/부산광역시/2017/extract-data-004018.hwp	부산광역시	2017	hwp	date	10	10	
u_extract_data-004019	extract-data	kind	KIND_OK	samples/제주특별자치도/2017/extract-data-004019.hwpx	제주특별자치도	2017	hwpx	amount	11	11	
u_extract_data-004020	extract-data	kind	KIND_OK	samples/법제처/2018/extract-data-004020.hwp	법제처	2018	hwp	number	0	0	
u_extract_data-004021	extract-data	kind	KIND_OK	samples/행정안전부/2018/extract-data-004021.hwpx	행정안전부	2018	hwpx	all	1	1	
u_extract_data-004022	extract-data	kind	KIND_OK	samples/국세청/2018/extract-data-004022.hwp	국세청	2018	hwp	date	2	2	
u_extract_data-004023	extract-data	kind	COUNT_DRIFT	samples/대법원/2018/extract-data-004023.hwpx	대법원	2018	hwpx	amount	3	4	
u_extract_data-004024	extract-data	kind	KIND_UNKNOWN	samples/특허청/2018/extract-data-004024.hwp	특허청	2018	hwp	token	4	4	
u_extract_data-004025	extract-data	kind	KIND_OK	samples/교육부/2018/extract-data-004025.hwpx	교육부	2018	hwpx	date	5	5	
u_extract_data-004026	extract-data	kind	KIND_OK	samples/보건복지부/2018/extract-data-004026.hwp	보건복지부	2018	hwp	amount	6	6	
u_extract_data-004027	extract-data	kind	KIND_OK	samples/국토교통부/2018/extract-data-004027.hwpx	국토교통부	2018	hwpx	number	7	7	
u_extract_data-004028	extract-data	kind	KIND_OK	samples/고용노동부/2018/extract-data-004028.hwp	고용노동부	2018	hwp	all	8	8	
u_extract_data-004029	extract-data	kind	KIND_OK	samples/외교부/2018/extract-data-004029.hwpx	외교부	2018	hwpx	date	9	9	
u_extract_data-004030	extract-data	kind	COUNT_DRIFT	samples/기획재정부/2018/extract-data-004030.hwp	기획재정부	2018	hwp	amount	10	11	
u_extract_data-004031	extract-data	kind	KIND_UNKNOWN	samples/공정거래위원회/2018/extract-data-004031.hwpx	공정거래위원회	2018	hwpx	token	11	11	
u_extract_data-004032	extract-data	kind	KIND_OK	samples/금융위원회/2018/extract-data-004032.hwp	금융위원회	2018	hwp	date	0	0	
u_extract_data-004033	extract-data	kind	KIND_OK	samples/통계청/2018/extract-data-004033.hwpx	통계청	2018	hwpx	amount	1	1	
u_extract_data-004034	extract-data	kind	KIND_OK	samples/기상청/2018/extract-data-004034.hwp	기상청	2018	hwp	number	2	2	
u_extract_data-004035	extract-data	kind	KIND_OK	samples/관세청/2018/extract-data-004035.hwpx	관세청	2018	hwpx	all	3	3	
u_extract_data-004036	extract-data	kind	KIND_OK	samples/검찰청/2018/extract-data-004036.hwp	검찰청	2018	hwp	date	4	4	
u_extract_data-004037	extract-data	kind	COUNT_DRIFT	samples/경찰청/2018/extract-data-004037.hwpx	경찰청	2018	hwpx	amount	5	6	
u_extract_data-004038	extract-data	kind	KIND_UNKNOWN	samples/소방청/2018/extract-data-004038.hwp	소방청	2018	hwp	token	6	6	
u_extract_data-004039	extract-data	kind	KIND_OK	samples/병무청/2018/extract-data-004039.hwpx	병무청	2018	hwpx	date	7	7	
u_extract_data-004040	extract-data	kind	KIND_OK	samples/산림청/2018/extract-data-004040.hwp	산림청	2018	hwp	amount	8	8	
u_extract_data-004041	extract-data	kind	KIND_OK	samples/중소벤처기업부/2018/extract-data-004041.hwpx	중소벤처기업부	2018	hwpx	number	9	9	
u_extract_data-004042	extract-data	kind	KIND_OK	samples/과학기술정보통신부/2018/extract-data-004042.hwp	과학기술정보통신부	2018	hwp	all	10	10	
u_extract_data-004043	extract-data	kind	KIND_OK	samples/문화체육관광부/2018/extract-data-004043.hwpx	문화체육관광부	2018	hwpx	date	11	11	
u_extract_data-004044	extract-data	kind	COUNT_DRIFT	samples/환경부/2018/extract-data-004044.hwp	환경부	2018	hwp	amount	0	1	
u_extract_data-004045	extract-data	kind	KIND_UNKNOWN	samples/해양수산부/2018/extract-data-004045.hwpx	해양수산부	2018	hwpx	token	1	1	
u_extract_data-004046	extract-data	kind	KIND_OK	samples/서울특별시/2018/extract-data-004046.hwp	서울특별시	2018	hwp	date	2	2	
u_extract_data-004047	extract-data	kind	KIND_OK	samples/경기도/2018/extract-data-004047.hwpx	경기도	2018	hwpx	amount	3	3	
u_extract_data-004048	extract-data	kind	KIND_OK	samples/부산광역시/2018/extract-data-004048.hwp	부산광역시	2018	hwp	number	4	4	
u_extract_data-004049	extract-data	kind	KIND_OK	samples/제주특별자치도/2018/extract-data-004049.hwpx	제주특별자치도	2018	hwpx	all	5	5	
u_extract_data-004050	extract-data	kind	KIND_OK	samples/법제처/2019/extract-data-004050.hwp	법제처	2019	hwp	date	6	6	
u_extract_data-004051	extract-data	kind	COUNT_DRIFT	samples/행정안전부/2019/extract-data-004051.hwpx	행정안전부	2019	hwpx	amount	7	8	
u_extract_data-004052	extract-data	kind	KIND_UNKNOWN	samples/국세청/2019/extract-data-004052.hwp	국세청	2019	hwp	token	8	8	
u_extract_data-004053	extract-data	kind	KIND_OK	samples/대법원/2019/extract-data-004053.hwpx	대법원	2019	hwpx	date	9	9	
u_extract_data-004054	extract-data	kind	KIND_OK	samples/특허청/2019/extract-data-004054.hwp	특허청	2019	hwp	amount	10	10	
u_extract_data-004055	extract-data	kind	KIND_OK	samples/교육부/2019/extract-data-004055.hwpx	교육부	2019	hwpx	number	11	11	
u_extract_data-004056	extract-data	kind	KIND_OK	samples/보건복지부/2019/extract-data-004056.hwp	보건복지부	2019	hwp	all	0	0	
u_extract_data-004057	extract-data	kind	KIND_OK	samples/국토교통부/2019/extract-data-004057.hwpx	국토교통부	2019	hwpx	date	1	1	
u_extract_data-004058	extract-data	kind	COUNT_DRIFT	samples/고용노동부/2019/extract-data-004058.hwp	고용노동부	2019	hwp	amount	2	3	
u_extract_data-004059	extract-data	kind	KIND_UNKNOWN	samples/외교부/2019/extract-data-004059.hwpx	외교부	2019	hwpx	token	3	3	
u_extract_data-004060	extract-data	kind	KIND_OK	samples/기획재정부/2019/extract-data-004060.hwp	기획재정부	2019	hwp	date	4	4	
u_extract_data-004061	extract-data	kind	KIND_OK	samples/공정거래위원회/2019/extract-data-004061.hwpx	공정거래위원회	2019	hwpx	amount	5	5	
u_extract_data-004062	extract-data	kind	KIND_OK	samples/금융위원회/2019/extract-data-004062.hwp	금융위원회	2019	hwp	number	6	6	
u_extract_data-004063	extract-data	kind	KIND_OK	samples/통계청/2019/extract-data-004063.hwpx	통계청	2019	hwpx	all	7	7	
u_extract_data-004064	extract-data	kind	KIND_OK	samples/기상청/2019/extract-data-004064.hwp	기상청	2019	hwp	date	8	8	
u_extract_data-004065	extract-data	kind	COUNT_DRIFT	samples/관세청/2019/extract-data-004065.hwpx	관세청	2019	hwpx	amount	9	10	
u_extract_data-004066	extract-data	kind	KIND_UNKNOWN	samples/검찰청/2019/extract-data-004066.hwp	검찰청	2019	hwp	token	10	10	
u_extract_data-004067	extract-data	kind	KIND_OK	samples/경찰청/2019/extract-data-004067.hwpx	경찰청	2019	hwpx	date	11	11	
u_extract_data-004068	extract-data	kind	KIND_OK	samples/소방청/2019/extract-data-004068.hwp	소방청	2019	hwp	amount	0	0	
u_extract_data-004069	extract-data	kind	KIND_OK	samples/병무청/2019/extract-data-004069.hwpx	병무청	2019	hwpx	number	1	1	
u_extract_data-004070	extract-data	kind	KIND_OK	samples/산림청/2019/extract-data-004070.hwp	산림청	2019	hwp	all	2	2	
u_extract_data-004071	extract-data	kind	KIND_OK	samples/중소벤처기업부/2019/extract-data-004071.hwpx	중소벤처기업부	2019	hwpx	date	3	3	
u_extract_data-004072	extract-data	kind	COUNT_DRIFT	samples/과학기술정보통신부/2019/extract-data-004072.hwp	과학기술정보통신부	2019	hwp	amount	4	5	
u_extract_data-004073	extract-data	kind	KIND_UNKNOWN	samples/문화체육관광부/2019/extract-data-004073.hwpx	문화체육관광부	2019	hwpx	token	5	5	
u_extract_data-004074	extract-data	kind	KIND_OK	samples/환경부/2019/extract-data-004074.hwp	환경부	2019	hwp	date	6	6	
u_extract_data-004075	extract-data	kind	KIND_OK	samples/해양수산부/2019/extract-data-004075.hwpx	해양수산부	2019	hwpx	amount	7	7	
u_extract_data-004076	extract-data	kind	KIND_OK	samples/서울특별시/2019/extract-data-004076.hwp	서울특별시	2019	hwp	number	8	8	
u_extract_data-004077	extract-data	kind	KIND_OK	samples/경기도/2019/extract-data-004077.hwpx	경기도	2019	hwpx	all	9	9	
u_extract_data-004078	extract-data	kind	KIND_OK	samples/부산광역시/2019/extract-data-004078.hwp	부산광역시	2019	hwp	date	10	10	
u_extract_data-004079	extract-data	kind	COUNT_DRIFT	samples/제주특별자치도/2019/extract-data-004079.hwpx	제주특별자치도	2019	hwpx	amount	11	12	
u_extract_data-004080	extract-data	kind	KIND_UNKNOWN	samples/법제처/2020/extract-data-004080.hwp	법제처	2020	hwp	token	0	0	
u_extract_data-004081	extract-data	kind	KIND_OK	samples/행정안전부/2020/extract-data-004081.hwpx	행정안전부	2020	hwpx	date	1	1	
u_extract_data-004082	extract-data	kind	KIND_OK	samples/국세청/2020/extract-data-004082.hwp	국세청	2020	hwp	amount	2	2	
u_extract_data-004083	extract-data	kind	KIND_OK	samples/대법원/2020/extract-data-004083.hwpx	대법원	2020	hwpx	number	3	3	
u_extract_data-004084	extract-data	kind	KIND_OK	samples/특허청/2020/extract-data-004084.hwp	특허청	2020	hwp	all	4	4	
u_extract_data-004085	extract-data	kind	KIND_OK	samples/교육부/2020/extract-data-004085.hwpx	교육부	2020	hwpx	date	5	5	
u_extract_data-004086	extract-data	kind	COUNT_DRIFT	samples/보건복지부/2020/extract-data-004086.hwp	보건복지부	2020	hwp	amount	6	7	
u_extract_data-004087	extract-data	kind	KIND_UNKNOWN	samples/국토교통부/2020/extract-data-004087.hwpx	국토교통부	2020	hwpx	token	7	7	
u_extract_data-004088	extract-data	kind	KIND_OK	samples/고용노동부/2020/extract-data-004088.hwp	고용노동부	2020	hwp	date	8	8	
u_extract_data-004089	extract-data	kind	KIND_OK	samples/외교부/2020/extract-data-004089.hwpx	외교부	2020	hwpx	amount	9	9	
u_extract_data-004090	extract-data	kind	KIND_OK	samples/기획재정부/2020/extract-data-004090.hwp	기획재정부	2020	hwp	number	10	10	
u_extract_data-004091	extract-data	kind	KIND_OK	samples/공정거래위원회/2020/extract-data-004091.hwpx	공정거래위원회	2020	hwpx	all	11	11	
u_extract_data-004092	extract-data	kind	KIND_OK	samples/금융위원회/2020/extract-data-004092.hwp	금융위원회	2020	hwp	date	0	0	
u_extract_data-004093	extract-data	kind	COUNT_DRIFT	samples/통계청/2020/extract-data-004093.hwpx	통계청	2020	hwpx	amount	1	2	
u_extract_data-004094	extract-data	kind	KIND_UNKNOWN	samples/기상청/2020/extract-data-004094.hwp	기상청	2020	hwp	token	2	2	
u_extract_data-004095	extract-data	kind	KIND_OK	samples/관세청/2020/extract-data-004095.hwpx	관세청	2020	hwpx	date	3	3	
u_extract_data-004096	extract-data	kind	KIND_OK	samples/검찰청/2020/extract-data-004096.hwp	검찰청	2020	hwp	amount	4	4	
u_extract_data-004097	extract-data	kind	KIND_OK	samples/경찰청/2020/extract-data-004097.hwpx	경찰청	2020	hwpx	number	5	5	
u_extract_data-004098	extract-data	kind	KIND_OK	samples/소방청/2020/extract-data-004098.hwp	소방청	2020	hwp	all	6	6	
u_extract_data-004099	extract-data	kind	KIND_OK	samples/병무청/2020/extract-data-004099.hwpx	병무청	2020	hwpx	date	7	7	
u_extract_data-004100	extract-data	kind	COUNT_DRIFT	samples/산림청/2020/extract-data-004100.hwp	산림청	2020	hwp	amount	8	9	
u_extract_data-004101	extract-data	kind	KIND_UNKNOWN	samples/중소벤처기업부/2020/extract-data-004101.hwpx	중소벤처기업부	2020	hwpx	token	9	9	
u_extract_data-004102	extract-data	kind	KIND_OK	samples/과학기술정보통신부/2020/extract-data-004102.hwp	과학기술정보통신부	2020	hwp	date	10	10	
u_extract_data-004103	extract-data	kind	KIND_OK	samples/문화체육관광부/2020/extract-data-004103.hwpx	문화체육관광부	2020	hwpx	amount	11	11	
u_extract_data-004104	extract-data	kind	KIND_OK	samples/환경부/2020/extract-data-004104.hwp	환경부	2020	hwp	number	0	0	
u_extract_data-004105	extract-data	kind	KIND_OK	samples/해양수산부/2020/extract-data-004105.hwpx	해양수산부	2020	hwpx	all	1	1	
u_extract_data-004106	extract-data	kind	KIND_OK	samples/서울특별시/2020/extract-data-004106.hwp	서울특별시	2020	hwp	date	2	2	
u_extract_data-004107	extract-data	kind	COUNT_DRIFT	samples/경기도/2020/extract-data-004107.hwpx	경기도	2020	hwpx	amount	3	4	
u_extract_data-004108	extract-data	kind	KIND_UNKNOWN	samples/부산광역시/2020/extract-data-004108.hwp	부산광역시	2020	hwp	token	4	4	
u_extract_data-004109	extract-data	kind	KIND_OK	samples/제주특별자치도/2020/extract-data-004109.hwpx	제주특별자치도	2020	hwpx	date	5	5	
u_extract_data-004110	extract-data	kind	KIND_OK	samples/법제처/2021/extract-data-004110.hwp	법제처	2021	hwp	amount	6	6	
u_extract_data-004111	extract-data	kind	KIND_OK	samples/행정안전부/2021/extract-data-004111.hwpx	행정안전부	2021	hwpx	number	7	7	
u_extract_data-004112	extract-data	kind	KIND_OK	samples/국세청/2021/extract-data-004112.hwp	국세청	2021	hwp	all	8	8	
u_extract_data-004113	extract-data	kind	KIND_OK	samples/대법원/2021/extract-data-004113.hwpx	대법원	2021	hwpx	date	9	9	
u_extract_data-004114	extract-data	kind	COUNT_DRIFT	samples/특허청/2021/extract-data-004114.hwp	특허청	2021	hwp	amount	10	11	
u_extract_data-004115	extract-data	kind	KIND_UNKNOWN	samples/교육부/2021/extract-data-004115.hwpx	교육부	2021	hwpx	token	11	11	
u_extract_data-004116	extract-data	kind	KIND_OK	samples/보건복지부/2021/extract-data-004116.hwp	보건복지부	2021	hwp	date	0	0	
u_extract_data-004117	extract-data	kind	KIND_OK	samples/국토교통부/2021/extract-data-004117.hwpx	국토교통부	2021	hwpx	amount	1	1	
u_extract_data-004118	extract-data	kind	KIND_OK	samples/고용노동부/2021/extract-data-004118.hwp	고용노동부	2021	hwp	number	2	2	
u_extract_data-004119	extract-data	kind	KIND_OK	samples/외교부/2021/extract-data-004119.hwpx	외교부	2021	hwpx	all	3	3	
u_extract_data-004120	extract-data	kind	KIND_OK	samples/기획재정부/2021/extract-data-004120.hwp	기획재정부	2021	hwp	date	4	4	
u_extract_data-004121	extract-data	kind	COUNT_DRIFT	samples/공정거래위원회/2021/extract-data-004121.hwpx	공정거래위원회	2021	hwpx	amount	5	6	
u_extract_data-004122	extract-data	kind	KIND_UNKNOWN	samples/금융위원회/2021/extract-data-004122.hwp	금융위원회	2021	hwp	token	6	6	
u_extract_data-004123	extract-data	kind	KIND_OK	samples/통계청/2021/extract-data-004123.hwpx	통계청	2021	hwpx	date	7	7	
u_extract_data-004124	extract-data	kind	KIND_OK	samples/기상청/2021/extract-data-004124.hwp	기상청	2021	hwp	amount	8	8	
u_extract_data-004125	extract-data	kind	KIND_OK	samples/관세청/2021/extract-data-004125.hwpx	관세청	2021	hwpx	number	9	9	
u_extract_data-004126	extract-data	kind	KIND_OK	samples/검찰청/2021/extract-data-004126.hwp	검찰청	2021	hwp	all	10	10	
u_extract_data-004127	extract-data	kind	KIND_OK	samples/경찰청/2021/extract-data-004127.hwpx	경찰청	2021	hwpx	date	11	11	
u_extract_data-004128	extract-data	kind	COUNT_DRIFT	samples/소방청/2021/extract-data-004128.hwp	소방청	2021	hwp	amount	0	1	
u_extract_data-004129	extract-data	kind	KIND_UNKNOWN	samples/병무청/2021/extract-data-004129.hwpx	병무청	2021	hwpx	token	1	1	
u_extract_data-004130	extract-data	kind	KIND_OK	samples/산림청/2021/extract-data-004130.hwp	산림청	2021	hwp	date	2	2	
u_extract_data-004131	extract-data	kind	KIND_OK	samples/중소벤처기업부/2021/extract-data-004131.hwpx	중소벤처기업부	2021	hwpx	amount	3	3	
u_extract_data-004132	extract-data	kind	KIND_OK	samples/과학기술정보통신부/2021/extract-data-004132.hwp	과학기술정보통신부	2021	hwp	number	4	4	
u_extract_data-004133	extract-data	kind	KIND_OK	samples/문화체육관광부/2021/extract-data-004133.hwpx	문화체육관광부	2021	hwpx	all	5	5	
u_extract_data-004134	extract-data	kind	KIND_OK	samples/환경부/2021/extract-data-004134.hwp	환경부	2021	hwp	date	6	6	
u_extract_data-004135	extract-data	kind	COUNT_DRIFT	samples/해양수산부/2021/extract-data-004135.hwpx	해양수산부	2021	hwpx	amount	7	8	
u_extract_data-004136	extract-data	kind	KIND_UNKNOWN	samples/서울특별시/2021/extract-data-004136.hwp	서울특별시	2021	hwp	token	8	8	
u_extract_data-004137	extract-data	kind	KIND_OK	samples/경기도/2021/extract-data-004137.hwpx	경기도	2021	hwpx	date	9	9	
u_extract_data-004138	extract-data	kind	KIND_OK	samples/부산광역시/2021/extract-data-004138.hwp	부산광역시	2021	hwp	amount	10	10	
u_extract_data-004139	extract-data	kind	KIND_OK	samples/제주특별자치도/2021/extract-data-004139.hwpx	제주특별자치도	2021	hwpx	number	11	11	
u_extract_data-004140	extract-data	kind	KIND_OK	samples/법제처/2022/extract-data-004140.hwp	법제처	2022	hwp	all	0	0	
u_extract_data-004141	extract-data	kind	KIND_OK	samples/행정안전부/2022/extract-data-004141.hwpx	행정안전부	2022	hwpx	date	1	1	
u_extract_data-004142	extract-data	kind	COUNT_DRIFT	samples/국세청/2022/extract-data-004142.hwp	국세청	2022	hwp	amount	2	3	
u_extract_data-004143	extract-data	kind	KIND_UNKNOWN	samples/대법원/2022/extract-data-004143.hwpx	대법원	2022	hwpx	token	3	3	
u_extract_data-004144	extract-data	kind	KIND_OK	samples/특허청/2022/extract-data-004144.hwp	특허청	2022	hwp	date	4	4	
u_extract_data-004145	extract-data	kind	KIND_OK	samples/교육부/2022/extract-data-004145.hwpx	교육부	2022	hwpx	amount	5	5	
u_extract_data-004146	extract-data	kind	KIND_OK	samples/보건복지부/2022/extract-data-004146.hwp	보건복지부	2022	hwp	number	6	6	
u_extract_data-004147	extract-data	kind	KIND_OK	samples/국토교통부/2022/extract-data-004147.hwpx	국토교통부	2022	hwpx	all	7	7	
u_extract_data-004148	extract-data	kind	KIND_OK	samples/고용노동부/2022/extract-data-004148.hwp	고용노동부	2022	hwp	date	8	8	
u_extract_data-004149	extract-data	kind	COUNT_DRIFT	samples/외교부/2022/extract-data-004149.hwpx	외교부	2022	hwpx	amount	9	10	
u_extract_data-004150	extract-data	kind	KIND_UNKNOWN	samples/기획재정부/2022/extract-data-004150.hwp	기획재정부	2022	hwp	token	10	10	
u_extract_data-004151	extract-data	kind	KIND_OK	samples/공정거래위원회/2022/extract-data-004151.hwpx	공정거래위원회	2022	hwpx	date	11	11	
u_extract_data-004152	extract-data	kind	KIND_OK	samples/금융위원회/2022/extract-data-004152.hwp	금융위원회	2022	hwp	amount	0	0	
u_extract_data-004153	extract-data	kind	KIND_OK	samples/통계청/2022/extract-data-004153.hwpx	통계청	2022	hwpx	number	1	1	
u_extract_data-004154	extract-data	kind	KIND_OK	samples/기상청/2022/extract-data-004154.hwp	기상청	2022	hwp	all	2	2	
u_extract_data-004155	extract-data	kind	KIND_OK	samples/관세청/2022/extract-data-004155.hwpx	관세청	2022	hwpx	date	3	3	
u_extract_data-004156	extract-data	kind	COUNT_DRIFT	samples/검찰청/2022/extract-data-004156.hwp	검찰청	2022	hwp	amount	4	5	
u_extract_data-004157	extract-data	kind	KIND_UNKNOWN	samples/경찰청/2022/extract-data-004157.hwpx	경찰청	2022	hwpx	token	5	5	
u_extract_data-004158	extract-data	kind	KIND_OK	samples/소방청/2022/extract-data-004158.hwp	소방청	2022	hwp	date	6	6	
u_extract_data-004159	extract-data	kind	KIND_OK	samples/병무청/2022/extract-data-004159.hwpx	병무청	2022	hwpx	amount	7	7	
u_extract_data-004160	extract-data	kind	KIND_OK	samples/산림청/2022/extract-data-004160.hwp	산림청	2022	hwp	number	8	8	
u_extract_data-004161	extract-data	kind	KIND_OK	samples/중소벤처기업부/2022/extract-data-004161.hwpx	중소벤처기업부	2022	hwpx	all	9	9	
u_extract_data-004162	extract-data	kind	KIND_OK	samples/과학기술정보통신부/2022/extract-data-004162.hwp	과학기술정보통신부	2022	hwp	date	10	10	
u_extract_data-004163	extract-data	kind	COUNT_DRIFT	samples/문화체육관광부/2022/extract-data-004163.hwpx	문화체육관광부	2022	hwpx	amount	11	12	
u_extract_data-004164	extract-data	kind	KIND_UNKNOWN	samples/환경부/2022/extract-data-004164.hwp	환경부	2022	hwp	token	0	0	
u_extract_data-004165	extract-data	kind	KIND_OK	samples/해양수산부/2022/extract-data-004165.hwpx	해양수산부	2022	hwpx	date	1	1	
u_extract_data-004166	extract-data	kind	KIND_OK	samples/서울특별시/2022/extract-data-004166.hwp	서울특별시	2022	hwp	amount	2	2	
u_extract_data-004167	extract-data	kind	KIND_OK	samples/경기도/2022/extract-data-004167.hwpx	경기도	2022	hwpx	number	3	3	
u_extract_data-004168	extract-data	kind	KIND_OK	samples/부산광역시/2022/extract-data-004168.hwp	부산광역시	2022	hwp	all	4	4	
u_extract_data-004169	extract-data	kind	KIND_OK	samples/제주특별자치도/2022/extract-data-004169.hwpx	제주특별자치도	2022	hwpx	date	5	5	
u_extract_data-004170	extract-data	kind	COUNT_DRIFT	samples/법제처/2023/extract-data-004170.hwp	법제처	2023	hwp	amount	6	7	
u_extract_data-004171	extract-data	kind	KIND_UNKNOWN	samples/행정안전부/2023/extract-data-004171.hwpx	행정안전부	2023	hwpx	token	7	7	
u_extract_data-004172	extract-data	kind	KIND_OK	samples/국세청/2023/extract-data-004172.hwp	국세청	2023	hwp	date	8	8	
u_extract_data-004173	extract-data	kind	KIND_OK	samples/대법원/2023/extract-data-004173.hwpx	대법원	2023	hwpx	amount	9	9	
u_extract_data-004174	extract-data	kind	KIND_OK	samples/특허청/2023/extract-data-004174.hwp	특허청	2023	hwp	number	10	10	
u_extract_data-004175	extract-data	kind	KIND_OK	samples/교육부/2023/extract-data-004175.hwpx	교육부	2023	hwpx	all	11	11	
u_extract_data-004176	extract-data	kind	KIND_OK	samples/보건복지부/2023/extract-data-004176.hwp	보건복지부	2023	hwp	date	0	0	
u_extract_data-004177	extract-data	kind	COUNT_DRIFT	samples/국토교통부/2023/extract-data-004177.hwpx	국토교통부	2023	hwpx	amount	1	2	
u_extract_data-004178	extract-data	kind	KIND_UNKNOWN	samples/고용노동부/2023/extract-data-004178.hwp	고용노동부	2023	hwp	token	2	2	
u_extract_data-004179	extract-data	kind	KIND_OK	samples/외교부/2023/extract-data-004179.hwpx	외교부	2023	hwpx	date	3	3	
u_extract_data-004180	extract-data	kind	KIND_OK	samples/기획재정부/2023/extract-data-004180.hwp	기획재정부	2023	hwp	amount	4	4	
u_extract_data-004181	extract-data	kind	KIND_OK	samples/공정거래위원회/2023/extract-data-004181.hwpx	공정거래위원회	2023	hwpx	number	5	5	
u_extract_data-004182	extract-data	kind	KIND_OK	samples/금융위원회/2023/extract-data-004182.hwp	금융위원회	2023	hwp	all	6	6	
u_extract_data-004183	extract-data	kind	KIND_OK	samples/통계청/2023/extract-data-004183.hwpx	통계청	2023	hwpx	date	7	7	
u_extract_data-004184	extract-data	kind	COUNT_DRIFT	samples/기상청/2023/extract-data-004184.hwp	기상청	2023	hwp	amount	8	9	
u_extract_data-004185	extract-data	kind	KIND_UNKNOWN	samples/관세청/2023/extract-data-004185.hwpx	관세청	2023	hwpx	token	9	9	
u_extract_data-004186	extract-data	kind	KIND_OK	samples/검찰청/2023/extract-data-004186.hwp	검찰청	2023	hwp	date	10	10	
u_extract_data-004187	extract-data	kind	KIND_OK	samples/경찰청/2023/extract-data-004187.hwpx	경찰청	2023	hwpx	amount	11	11	
u_extract_data-004188	extract-data	kind	KIND_OK	samples/소방청/2023/extract-data-004188.hwp	소방청	2023	hwp	number	0	0	
u_extract_data-004189	extract-data	kind	KIND_OK	samples/병무청/2023/extract-data-004189.hwpx	병무청	2023	hwpx	all	1	1	
u_extract_data-004190	extract-data	kind	KIND_OK	samples/산림청/2023/extract-data-004190.hwp	산림청	2023	hwp	date	2	2	
u_extract_data-004191	extract-data	kind	COUNT_DRIFT	samples/중소벤처기업부/2023/extract-data-004191.hwpx	중소벤처기업부	2023	hwpx	amount	3	4	
u_extract_data-004192	extract-data	kind	KIND_UNKNOWN	samples/과학기술정보통신부/2023/extract-data-004192.hwp	과학기술정보통신부	2023	hwp	token	4	4	
u_extract_data-004193	extract-data	kind	KIND_OK	samples/문화체육관광부/2023/extract-data-004193.hwpx	문화체육관광부	2023	hwpx	date	5	5	
u_extract_data-004194	extract-data	kind	KIND_OK	samples/환경부/2023/extract-data-004194.hwp	환경부	2023	hwp	amount	6	6	
u_extract_data-004195	extract-data	kind	KIND_OK	samples/해양수산부/2023/extract-data-004195.hwpx	해양수산부	2023	hwpx	number	7	7	
u_extract_data-004196	extract-data	kind	KIND_OK	samples/서울특별시/2023/extract-data-004196.hwp	서울특별시	2023	hwp	all	8	8	
u_extract_data-004197	extract-data	kind	KIND_OK	samples/경기도/2023/extract-data-004197.hwpx	경기도	2023	hwpx	date	9	9	
u_extract_data-004198	extract-data	kind	COUNT_DRIFT	samples/부산광역시/2023/extract-data-004198.hwp	부산광역시	2023	hwp	amount	10	11	
u_extract_data-004199	extract-data	kind	KIND_UNKNOWN	samples/제주특별자치도/2023/extract-data-004199.hwpx	제주특별자치도	2023	hwpx	token	11	11	
u_extract_data-004200	extract-data	kind	KIND_OK	samples/법제처/2024/extract-data-004200.hwp	법제처	2024	hwp	date	0	0	
u_extract_data-004201	extract-data	kind	KIND_OK	samples/행정안전부/2024/extract-data-004201.hwpx	행정안전부	2024	hwpx	amount	1	1	
u_extract_data-004202	extract-data	kind	KIND_OK	samples/국세청/2024/extract-data-004202.hwp	국세청	2024	hwp	number	2	2	
u_extract_data-004203	extract-data	kind	KIND_OK	samples/대법원/2024/extract-data-004203.hwpx	대법원	2024	hwpx	all	3	3	
u_extract_data-004204	extract-data	kind	KIND_OK	samples/특허청/2024/extract-data-004204.hwp	특허청	2024	hwp	date	4	4	
u_extract_data-004205	extract-data	kind	COUNT_DRIFT	samples/교육부/2024/extract-data-004205.hwpx	교육부	2024	hwpx	amount	5	6	
u_extract_data-004206	extract-data	kind	KIND_UNKNOWN	samples/보건복지부/2024/extract-data-004206.hwp	보건복지부	2024	hwp	token	6	6	
u_extract_data-004207	extract-data	kind	KIND_OK	samples/국토교통부/2024/extract-data-004207.hwpx	국토교통부	2024	hwpx	date	7	7	
u_extract_data-004208	extract-data	kind	KIND_OK	samples/고용노동부/2024/extract-data-004208.hwp	고용노동부	2024	hwp	amount	8	8	
u_extract_data-004209	extract-data	kind	KIND_OK	samples/외교부/2024/extract-data-004209.hwpx	외교부	2024	hwpx	number	9	9	
u_extract_data-004210	extract-data	kind	KIND_OK	samples/기획재정부/2024/extract-data-004210.hwp	기획재정부	2024	hwp	all	10	10	
u_extract_data-004211	extract-data	kind	KIND_OK	samples/공정거래위원회/2024/extract-data-004211.hwpx	공정거래위원회	2024	hwpx	date	11	11	
u_extract_data-004212	extract-data	kind	COUNT_DRIFT	samples/금융위원회/2024/extract-data-004212.hwp	금융위원회	2024	hwp	amount	0	1	
u_extract_data-004213	extract-data	kind	KIND_UNKNOWN	samples/통계청/2024/extract-data-004213.hwpx	통계청	2024	hwpx	token	1	1	
u_extract_data-004214	extract-data	kind	KIND_OK	samples/기상청/2024/extract-data-004214.hwp	기상청	2024	hwp	date	2	2	
u_extract_data-004215	extract-data	kind	KIND_OK	samples/관세청/2024/extract-data-004215.hwpx	관세청	2024	hwpx	amount	3	3	
u_extract_data-004216	extract-data	kind	KIND_OK	samples/검찰청/2024/extract-data-004216.hwp	검찰청	2024	hwp	number	4	4	
u_extract_data-004217	extract-data	kind	KIND_OK	samples/경찰청/2024/extract-data-004217.hwpx	경찰청	2024	hwpx	all	5	5	
u_extract_data-004218	extract-data	kind	KIND_OK	samples/소방청/2024/extract-data-004218.hwp	소방청	2024	hwp	date	6	6	
u_extract_data-004219	extract-data	kind	COUNT_DRIFT	samples/병무청/2024/extract-data-004219.hwpx	병무청	2024	hwpx	amount	7	8	
u_extract_data-004220	extract-data	kind	KIND_UNKNOWN	samples/산림청/2024/extract-data-004220.hwp	산림청	2024	hwp	token	8	8	
u_extract_data-004221	extract-data	kind	KIND_OK	samples/중소벤처기업부/2024/extract-data-004221.hwpx	중소벤처기업부	2024	hwpx	date	9	9	
u_extract_data-004222	extract-data	kind	KIND_OK	samples/과학기술정보통신부/2024/extract-data-004222.hwp	과학기술정보통신부	2024	hwp	amount	10	10	
u_extract_data-004223	extract-data	kind	KIND_OK	samples/문화체육관광부/2024/extract-data-004223.hwpx	문화체육관광부	2024	hwpx	number	11	11	
u_extract_data-004224	extract-data	kind	KIND_OK	samples/환경부/2024/extract-data-004224.hwp	환경부	2024	hwp	all	0	0	
u_extract_data-004225	extract-data	kind	KIND_OK	samples/해양수산부/2024/extract-data-004225.hwpx	해양수산부	2024	hwpx	date	1	1	
u_extract_data-004226	extract-data	kind	COUNT_DRIFT	samples/서울특별시/2024/extract-data-004226.hwp	서울특별시	2024	hwp	amount	2	3	
u_extract_data-004227	extract-data	kind	KIND_UNKNOWN	samples/경기도/2024/extract-data-004227.hwpx	경기도	2024	hwpx	token	3	3	
u_extract_data-004228	extract-data	kind	KIND_OK	samples/부산광역시/2024/extract-data-004228.hwp	부산광역시	2024	hwp	date	4	4	
u_extract_data-004229	extract-data	kind	KIND_OK	samples/제주특별자치도/2024/extract-data-004229.hwpx	제주특별자치도	2024	hwpx	amount	5	5	
u_extract_data-004230	extract-data	kind	KIND_OK	samples/법제처/2025/extract-data-004230.hwp	법제처	2025	hwp	number	6	6	
u_extract_data-004231	extract-data	kind	KIND_OK	samples/행정안전부/2025/extract-data-004231.hwpx	행정안전부	2025	hwpx	all	7	7	
u_extract_data-004232	extract-data	kind	KIND_OK	samples/국세청/2025/extract-data-004232.hwp	국세청	2025	hwp	date	8	8	
u_extract_data-004233	extract-data	kind	COUNT_DRIFT	samples/대법원/2025/extract-data-004233.hwpx	대법원	2025	hwpx	amount	9	10	
u_extract_data-004234	extract-data	kind	KIND_UNKNOWN	samples/특허청/2025/extract-data-004234.hwp	특허청	2025	hwp	token	10	10	
u_extract_data-004235	extract-data	kind	KIND_OK	samples/교육부/2025/extract-data-004235.hwpx	교육부	2025	hwpx	date	11	11	
u_extract_data-004236	extract-data	kind	KIND_OK	samples/보건복지부/2025/extract-data-004236.hwp	보건복지부	2025	hwp	amount	0	0	
u_extract_data-004237	extract-data	kind	KIND_OK	samples/국토교통부/2025/extract-data-004237.hwpx	국토교통부	2025	hwpx	number	1	1	
u_extract_data-004238	extract-data	kind	KIND_OK	samples/고용노동부/2025/extract-data-004238.hwp	고용노동부	2025	hwp	all	2	2	
u_extract_data-004239	extract-data	kind	KIND_OK	samples/외교부/2025/extract-data-004239.hwpx	외교부	2025	hwpx	date	3	3	
u_extract_data-004240	extract-data	kind	COUNT_DRIFT	samples/기획재정부/2025/extract-data-004240.hwp	기획재정부	2025	hwp	amount	4	5	
u_extract_data-004241	extract-data	kind	KIND_UNKNOWN	samples/공정거래위원회/2025/extract-data-004241.hwpx	공정거래위원회	2025	hwpx	token	5	5	
u_extract_data-004242	extract-data	kind	KIND_OK	samples/금융위원회/2025/extract-data-004242.hwp	금융위원회	2025	hwp	date	6	6	
u_extract_data-004243	extract-data	kind	KIND_OK	samples/통계청/2025/extract-data-004243.hwpx	통계청	2025	hwpx	amount	7	7	
u_extract_data-004244	extract-data	kind	KIND_OK	samples/기상청/2025/extract-data-004244.hwp	기상청	2025	hwp	number	8	8	
u_extract_data-004245	extract-data	kind	KIND_OK	samples/관세청/2025/extract-data-004245.hwpx	관세청	2025	hwpx	all	9	9	
u_extract_data-004246	extract-data	kind	KIND_OK	samples/검찰청/2025/extract-data-004246.hwp	검찰청	2025	hwp	date	10	10	
u_extract_data-004247	extract-data	kind	COUNT_DRIFT	samples/경찰청/2025/extract-data-004247.hwpx	경찰청	2025	hwpx	amount	11	12	
u_extract_data-004248	extract-data	kind	KIND_UNKNOWN	samples/소방청/2025/extract-data-004248.hwp	소방청	2025	hwp	token	0	0	
u_extract_data-004249	extract-data	kind	KIND_OK	samples/병무청/2025/extract-data-004249.hwpx	병무청	2025	hwpx	date	1	1	
u_extract_data-004250	extract-data	kind	KIND_OK	samples/산림청/2025/extract-data-004250.hwp	산림청	2025	hwp	amount	2	2	
u_extract_data-004251	extract-data	kind	KIND_OK	samples/중소벤처기업부/2025/extract-data-004251.hwpx	중소벤처기업부	2025	hwpx	number	3	3	
u_extract_data-004252	extract-data	kind	KIND_OK	samples/과학기술정보통신부/2025/extract-data-004252.hwp	과학기술정보통신부	2025	hwp	all	4	4	
u_extract_data-004253	extract-data	kind	KIND_OK	samples/문화체육관광부/2025/extract-data-004253.hwpx	문화체육관광부	2025	hwpx	date	5	5	
u_extract_data-004254	extract-data	kind	COUNT_DRIFT	samples/환경부/2025/extract-data-004254.hwp	환경부	2025	hwp	amount	6	7	
u_extract_data-004255	extract-data	kind	KIND_UNKNOWN	samples/해양수산부/2025/extract-data-004255.hwpx	해양수산부	2025	hwpx	token	7	7	
u_extract_data-004256	extract-data	kind	KIND_OK	samples/서울특별시/2025/extract-data-004256.hwp	서울특별시	2025	hwp	date	8	8	
u_extract_data-004257	extract-data	kind	KIND_OK	samples/경기도/2025/extract-data-004257.hwpx	경기도	2025	hwpx	amount	9	9	
u_extract_data-004258	extract-data	kind	KIND_OK	samples/부산광역시/2025/extract-data-004258.hwp	부산광역시	2025	hwp	number	10	10	
u_extract_data-004259	extract-data	kind	KIND_OK	samples/제주특별자치도/2025/extract-data-004259.hwpx	제주특별자치도	2025	hwpx	all	11	11	
u_extract_data-004260	extract-data	kind	KIND_OK	samples/법제처/2026/extract-data-004260.hwp	법제처	2026	hwp	date	0	0	
u_extract_data-004261	extract-data	kind	COUNT_DRIFT	samples/행정안전부/2026/extract-data-004261.hwpx	행정안전부	2026	hwpx	amount	1	2	
u_extract_data-004262	extract-data	kind	KIND_UNKNOWN	samples/국세청/2026/extract-data-004262.hwp	국세청	2026	hwp	token	2	2	
u_extract_data-004263	extract-data	kind	KIND_OK	samples/대법원/2026/extract-data-004263.hwpx	대법원	2026	hwpx	date	3	3	
u_extract_data-004264	extract-data	kind	KIND_OK	samples/특허청/2026/extract-data-004264.hwp	특허청	2026	hwp	amount	4	4	
u_extract_data-004265	extract-data	kind	KIND_OK	samples/교육부/2026/extract-data-004265.hwpx	교육부	2026	hwpx	number	5	5	
u_extract_data-004266	extract-data	kind	KIND_OK	samples/보건복지부/2026/extract-data-004266.hwp	보건복지부	2026	hwp	all	6	6	
u_extract_data-004267	extract-data	kind	KIND_OK	samples/국토교통부/2026/extract-data-004267.hwpx	국토교통부	2026	hwpx	date	7	7	
u_extract_data-004268	extract-data	kind	COUNT_DRIFT	samples/고용노동부/2026/extract-data-004268.hwp	고용노동부	2026	hwp	amount	8	9	
u_extract_data-004269	extract-data	kind	KIND_UNKNOWN	samples/외교부/2026/extract-data-004269.hwpx	외교부	2026	hwpx	token	9	9	
u_extract_data-004270	extract-data	kind	KIND_OK	samples/기획재정부/2026/extract-data-004270.hwp	기획재정부	2026	hwp	date	10	10	
u_extract_data-004271	extract-data	kind	KIND_OK	samples/공정거래위원회/2026/extract-data-004271.hwpx	공정거래위원회	2026	hwpx	amount	11	11	
u_extract_data-004272	extract-data	kind	KIND_OK	samples/금융위원회/2026/extract-data-004272.hwp	금융위원회	2026	hwp	number	0	0	
u_extract_data-004273	extract-data	kind	KIND_OK	samples/통계청/2026/extract-data-004273.hwpx	통계청	2026	hwpx	all	1	1	
u_extract_data-004274	extract-data	kind	KIND_OK	samples/기상청/2026/extract-data-004274.hwp	기상청	2026	hwp	date	2	2	
u_extract_data-004275	extract-data	kind	COUNT_DRIFT	samples/관세청/2026/extract-data-004275.hwpx	관세청	2026	hwpx	amount	3	4	
u_extract_data-004276	extract-data	kind	KIND_UNKNOWN	samples/검찰청/2026/extract-data-004276.hwp	검찰청	2026	hwp	token	4	4	
u_extract_data-004277	extract-data	kind	KIND_OK	samples/경찰청/2026/extract-data-004277.hwpx	경찰청	2026	hwpx	date	5	5	
u_extract_data-004278	extract-data	kind	KIND_OK	samples/소방청/2026/extract-data-004278.hwp	소방청	2026	hwp	amount	6	6	
u_extract_data-004279	extract-data	kind	KIND_OK	samples/병무청/2026/extract-data-004279.hwpx	병무청	2026	hwpx	number	7	7	
u_extract_data-004280	extract-data	kind	KIND_OK	samples/산림청/2026/extract-data-004280.hwp	산림청	2026	hwp	all	8	8	
u_extract_data-004281	extract-data	kind	KIND_OK	samples/중소벤처기업부/2026/extract-data-004281.hwpx	중소벤처기업부	2026	hwpx	date	9	9	
u_extract_data-004282	extract-data	kind	COUNT_DRIFT	samples/과학기술정보통신부/2026/extract-data-004282.hwp	과학기술정보통신부	2026	hwp	amount	10	11	
u_extract_data-004283	extract-data	kind	KIND_UNKNOWN	samples/문화체육관광부/2026/extract-data-004283.hwpx	문화체육관광부	2026	hwpx	token	11	11	
u_extract_data-004284	extract-data	kind	KIND_OK	samples/환경부/2026/extract-data-004284.hwp	환경부	2026	hwp	date	0	0	
u_extract_data-004285	extract-data	kind	KIND_OK	samples/해양수산부/2026/extract-data-004285.hwpx	해양수산부	2026	hwpx	amount	1	1	
u_extract_data-004286	extract-data	kind	KIND_OK	samples/서울특별시/2026/extract-data-004286.hwp	서울특별시	2026	hwp	number	2	2	
u_extract_data-004287	extract-data	kind	KIND_OK	samples/경기도/2026/extract-data-004287.hwpx	경기도	2026	hwpx	all	3	3	
u_extract_data-004288	extract-data	kind	KIND_OK	samples/부산광역시/2026/extract-data-004288.hwp	부산광역시	2026	hwp	date	4	4	
u_extract_data-004289	extract-data	kind	COUNT_DRIFT	samples/제주특별자치도/2026/extract-data-004289.hwpx	제주특별자치도	2026	hwpx	amount	5	6	
u_extract_data-004290	extract-data	kind	KIND_UNKNOWN	samples/법제처/2016/extract-data-004290.hwp	법제처	2016	hwp	token	6	6	
u_extract_data-004291	extract-data	kind	KIND_OK	samples/행정안전부/2016/extract-data-004291.hwpx	행정안전부	2016	hwpx	date	7	7	
u_extract_data-004292	extract-data	kind	KIND_OK	samples/국세청/2016/extract-data-004292.hwp	국세청	2016	hwp	amount	8	8	
u_extract_data-004293	extract-data	kind	KIND_OK	samples/대법원/2016/extract-data-004293.hwpx	대법원	2016	hwpx	number	9	9	
u_extract_data-004294	extract-data	kind	KIND_OK	samples/특허청/2016/extract-data-004294.hwp	특허청	2016	hwp	all	10	10	
u_extract_data-004295	extract-data	kind	KIND_OK	samples/교육부/2016/extract-data-004295.hwpx	교육부	2016	hwpx	date	11	11	
u_extract_data-004296	extract-data	kind	COUNT_DRIFT	samples/보건복지부/2016/extract-data-004296.hwp	보건복지부	2016	hwp	amount	0	1	
u_extract_data-004297	extract-data	kind	KIND_UNKNOWN	samples/국토교통부/2016/extract-data-004297.hwpx	국토교통부	2016	hwpx	token	1	1	
u_extract_data-004298	extract-data	kind	KIND_OK	samples/고용노동부/2016/extract-data-004298.hwp	고용노동부	2016	hwp	date	2	2	
u_extract_data-004299	extract-data	kind	KIND_OK	samples/외교부/2016/extract-data-004299.hwpx	외교부	2016	hwpx	amount	3	3	
u_extract_data-004300	extract-data	kind	KIND_OK	samples/기획재정부/2016/extract-data-004300.hwp	기획재정부	2016	hwp	number	4	4	
u_extract_data-004301	extract-data	kind	KIND_OK	samples/공정거래위원회/2016/extract-data-004301.hwpx	공정거래위원회	2016	hwpx	all	5	5	
u_extract_data-004302	extract-data	kind	KIND_OK	samples/금융위원회/2016/extract-data-004302.hwp	금융위원회	2016	hwp	date	6	6	
u_extract_data-004303	extract-data	kind	COUNT_DRIFT	samples/통계청/2016/extract-data-004303.hwpx	통계청	2016	hwpx	amount	7	8	
u_extract_data-004304	extract-data	kind	KIND_UNKNOWN	samples/기상청/2016/extract-data-004304.hwp	기상청	2016	hwp	token	8	8	
u_extract_data-004305	extract-data	kind	KIND_OK	samples/관세청/2016/extract-data-004305.hwpx	관세청	2016	hwpx	date	9	9	
u_extract_data-004306	extract-data	kind	KIND_OK	samples/검찰청/2016/extract-data-004306.hwp	검찰청	2016	hwp	amount	10	10	
u_extract_data-004307	extract-data	kind	KIND_OK	samples/경찰청/2016/extract-data-004307.hwpx	경찰청	2016	hwpx	number	11	11	
u_extract_data-004308	extract-data	kind	KIND_OK	samples/소방청/2016/extract-data-004308.hwp	소방청	2016	hwp	all	0	0	
u_extract_data-004309	extract-data	kind	KIND_OK	samples/병무청/2016/extract-data-004309.hwpx	병무청	2016	hwpx	date	1	1	
u_extract_data-004310	extract-data	kind	COUNT_DRIFT	samples/산림청/2016/extract-data-004310.hwp	산림청	2016	hwp	amount	2	3	
u_extract_data-004311	extract-data	kind	KIND_UNKNOWN	samples/중소벤처기업부/2016/extract-data-004311.hwpx	중소벤처기업부	2016	hwpx	token	3	3	
u_extract_data-004312	extract-data	kind	KIND_OK	samples/과학기술정보통신부/2016/extract-data-004312.hwp	과학기술정보통신부	2016	hwp	date	4	4	
u_extract_data-004313	extract-data	kind	KIND_OK	samples/문화체육관광부/2016/extract-data-004313.hwpx	문화체육관광부	2016	hwpx	amount	5	5	
u_extract_data-004314	extract-data	kind	KIND_OK	samples/환경부/2016/extract-data-004314.hwp	환경부	2016	hwp	number	6	6	
u_extract_data-004315	extract-data	kind	KIND_OK	samples/해양수산부/2016/extract-data-004315.hwpx	해양수산부	2016	hwpx	all	7	7	
u_extract_data-004316	extract-data	kind	KIND_OK	samples/서울특별시/2016/extract-data-004316.hwp	서울특별시	2016	hwp	date	8	8	
u_extract_data-004317	extract-data	kind	COUNT_DRIFT	samples/경기도/2016/extract-data-004317.hwpx	경기도	2016	hwpx	amount	9	10	
u_extract_data-004318	extract-data	kind	KIND_UNKNOWN	samples/부산광역시/2016/extract-data-004318.hwp	부산광역시	2016	hwp	token	10	10	
u_extract_data-004319	extract-data	kind	KIND_OK	samples/제주특별자치도/2016/extract-data-004319.hwpx	제주특별자치도	2016	hwpx	date	11	11	
u_extract_data-004320	extract-data	kind	KIND_OK	samples/법제처/2017/extract-data-004320.hwp	법제처	2017	hwp	amount	0	0	
u_extract_data-004321	extract-data	kind	KIND_OK	samples/행정안전부/2017/extract-data-004321.hwpx	행정안전부	2017	hwpx	number	1	1	
u_extract_data-004322	extract-data	kind	KIND_OK	samples/국세청/2017/extract-data-004322.hwp	국세청	2017	hwp	all	2	2	
u_extract_data-004323	extract-data	kind	KIND_OK	samples/대법원/2017/extract-data-004323.hwpx	대법원	2017	hwpx	date	3	3	
u_extract_data-004324	extract-data	kind	COUNT_DRIFT	samples/특허청/2017/extract-data-004324.hwp	특허청	2017	hwp	amount	4	5	
u_extract_data-004325	extract-data	kind	KIND_UNKNOWN	samples/교육부/2017/extract-data-004325.hwpx	교육부	2017	hwpx	token	5	5	
u_extract_data-004326	extract-data	kind	KIND_OK	samples/보건복지부/2017/extract-data-004326.hwp	보건복지부	2017	hwp	date	6	6	
u_extract_data-004327	extract-data	kind	KIND_OK	samples/국토교통부/2017/extract-data-004327.hwpx	국토교통부	2017	hwpx	amount	7	7	
u_extract_data-004328	extract-data	kind	KIND_OK	samples/고용노동부/2017/extract-data-004328.hwp	고용노동부	2017	hwp	number	8	8	
u_extract_data-004329	extract-data	kind	KIND_OK	samples/외교부/2017/extract-data-004329.hwpx	외교부	2017	hwpx	all	9	9	
u_extract_data-004330	extract-data	kind	KIND_OK	samples/기획재정부/2017/extract-data-004330.hwp	기획재정부	2017	hwp	date	10	10	
u_extract_data-004331	extract-data	kind	COUNT_DRIFT	samples/공정거래위원회/2017/extract-data-004331.hwpx	공정거래위원회	2017	hwpx	amount	11	12	
u_extract_data-004332	extract-data	kind	KIND_UNKNOWN	samples/금융위원회/2017/extract-data-004332.hwp	금융위원회	2017	hwp	token	0	0	
u_extract_data-004333	extract-data	kind	KIND_OK	samples/통계청/2017/extract-data-004333.hwpx	통계청	2017	hwpx	date	1	1	
u_extract_data-004334	extract-data	kind	KIND_OK	samples/기상청/2017/extract-data-004334.hwp	기상청	2017	hwp	amount	2	2	
u_extract_data-004335	extract-data	kind	KIND_OK	samples/관세청/2017/extract-data-004335.hwpx	관세청	2017	hwpx	number	3	3	
u_extract_data-004336	extract-data	kind	KIND_OK	samples/검찰청/2017/extract-data-004336.hwp	검찰청	2017	hwp	all	4	4	
u_extract_data-004337	extract-data	kind	KIND_OK	samples/경찰청/2017/extract-data-004337.hwpx	경찰청	2017	hwpx	date	5	5	
u_extract_data-004338	extract-data	kind	COUNT_DRIFT	samples/소방청/2017/extract-data-004338.hwp	소방청	2017	hwp	amount	6	7	
u_extract_data-004339	extract-data	kind	KIND_UNKNOWN	samples/병무청/2017/extract-data-004339.hwpx	병무청	2017	hwpx	token	7	7	
u_extract_data-004340	extract-data	kind	KIND_OK	samples/산림청/2017/extract-data-004340.hwp	산림청	2017	hwp	date	8	8	
u_extract_data-004341	extract-data	kind	KIND_OK	samples/중소벤처기업부/2017/extract-data-004341.hwpx	중소벤처기업부	2017	hwpx	amount	9	9	
u_extract_data-004342	extract-data	kind	KIND_OK	samples/과학기술정보통신부/2017/extract-data-004342.hwp	과학기술정보통신부	2017	hwp	number	10	10	
u_extract_data-004343	extract-data	kind	KIND_OK	samples/문화체육관광부/2017/extract-data-004343.hwpx	문화체육관광부	2017	hwpx	all	11	11	
u_extract_data-004344	extract-data	kind	KIND_OK	samples/환경부/2017/extract-data-004344.hwp	환경부	2017	hwp	date	0	0	
u_extract_data-004345	extract-data	kind	COUNT_DRIFT	samples/해양수산부/2017/extract-data-004345.hwpx	해양수산부	2017	hwpx	amount	1	2	
u_extract_data-004346	extract-data	kind	KIND_UNKNOWN	samples/서울특별시/2017/extract-data-004346.hwp	서울특별시	2017	hwp	token	2	2	
u_extract_data-004347	extract-data	kind	KIND_OK	samples/경기도/2017/extract-data-004347.hwpx	경기도	2017	hwpx	date	3	3	
u_extract_data-004348	extract-data	kind	KIND_OK	samples/부산광역시/2017/extract-data-004348.hwp	부산광역시	2017	hwp	amount	4	4	
u_extract_data-004349	extract-data	kind	KIND_OK	samples/제주특별자치도/2017/extract-data-004349.hwpx	제주특별자치도	2017	hwpx	number	5	5	
u_extract_data-004350	extract-data	kind	KIND_OK	samples/법제처/2018/extract-data-004350.hwp	법제처	2018	hwp	all	6	6	
u_extract_data-004351	extract-data	kind	KIND_OK	samples/행정안전부/2018/extract-data-004351.hwpx	행정안전부	2018	hwpx	date	7	7	
u_extract_data-004352	extract-data	kind	COUNT_DRIFT	samples/국세청/2018/extract-data-004352.hwp	국세청	2018	hwp	amount	8	9	
u_extract_data-004353	extract-data	kind	KIND_UNKNOWN	samples/대법원/2018/extract-data-004353.hwpx	대법원	2018	hwpx	token	9	9	
u_extract_data-004354	extract-data	kind	KIND_OK	samples/특허청/2018/extract-data-004354.hwp	특허청	2018	hwp	date	10	10	
u_extract_data-004355	extract-data	kind	KIND_OK	samples/교육부/2018/extract-data-004355.hwpx	교육부	2018	hwpx	amount	11	11	
u_extract_data-004356	extract-data	kind	KIND_OK	samples/보건복지부/2018/extract-data-004356.hwp	보건복지부	2018	hwp	number	0	0	
u_extract_data-004357	extract-data	kind	KIND_OK	samples/국토교통부/2018/extract-data-004357.hwpx	국토교통부	2018	hwpx	all	1	1	
u_extract_data-004358	extract-data	kind	KIND_OK	samples/고용노동부/2018/extract-data-004358.hwp	고용노동부	2018	hwp	date	2	2	
u_extract_data-004359	extract-data	kind	COUNT_DRIFT	samples/외교부/2018/extract-data-004359.hwpx	외교부	2018	hwpx	amount	3	4	
u_extract_data-004360	extract-data	kind	KIND_UNKNOWN	samples/기획재정부/2018/extract-data-004360.hwp	기획재정부	2018	hwp	token	4	4	
u_extract_data-004361	extract-data	kind	KIND_OK	samples/공정거래위원회/2018/extract-data-004361.hwpx	공정거래위원회	2018	hwpx	date	5	5	
u_extract_data-004362	extract-data	kind	KIND_OK	samples/금융위원회/2018/extract-data-004362.hwp	금융위원회	2018	hwp	amount	6	6	
u_extract_data-004363	extract-data	kind	KIND_OK	samples/통계청/2018/extract-data-004363.hwpx	통계청	2018	hwpx	number	7	7	
u_extract_data-004364	extract-data	kind	KIND_OK	samples/기상청/2018/extract-data-004364.hwp	기상청	2018	hwp	all	8	8	
u_extract_data-004365	extract-data	kind	KIND_OK	samples/관세청/2018/extract-data-004365.hwpx	관세청	2018	hwpx	date	9	9	
u_extract_data-004366	extract-data	kind	COUNT_DRIFT	samples/검찰청/2018/extract-data-004366.hwp	검찰청	2018	hwp	amount	10	11	
u_extract_data-004367	extract-data	kind	KIND_UNKNOWN	samples/경찰청/2018/extract-data-004367.hwpx	경찰청	2018	hwpx	token	11	11	
u_extract_data-004368	extract-data	kind	KIND_OK	samples/소방청/2018/extract-data-004368.hwp	소방청	2018	hwp	date	0	0	
u_extract_data-004369	extract-data	kind	KIND_OK	samples/병무청/2018/extract-data-004369.hwpx	병무청	2018	hwpx	amount	1	1	
u_extract_data-004370	extract-data	kind	KIND_OK	samples/산림청/2018/extract-data-004370.hwp	산림청	2018	hwp	number	2	2	
u_extract_data-004371	extract-data	kind	KIND_OK	samples/중소벤처기업부/2018/extract-data-004371.hwpx	중소벤처기업부	2018	hwpx	all	3	3	
u_extract_data-004372	extract-data	kind	KIND_OK	samples/과학기술정보통신부/2018/extract-data-004372.hwp	과학기술정보통신부	2018	hwp	date	4	4	
u_extract_data-004373	extract-data	kind	COUNT_DRIFT	samples/문화체육관광부/2018/extract-data-004373.hwpx	문화체육관광부	2018	hwpx	amount	5	6	
u_extract_data-004374	extract-data	kind	KIND_UNKNOWN	samples/환경부/2018/extract-data-004374.hwp	환경부	2018	hwp	token	6	6	
u_extract_data-004375	extract-data	kind	KIND_OK	samples/해양수산부/2018/extract-data-004375.hwpx	해양수산부	2018	hwpx	date	7	7	
u_extract_data-004376	extract-data	kind	KIND_OK	samples/서울특별시/2018/extract-data-004376.hwp	서울특별시	2018	hwp	amount	8	8	
u_extract_data-004377	extract-data	kind	KIND_OK	samples/경기도/2018/extract-data-004377.hwpx	경기도	2018	hwpx	number	9	9	
u_extract_data-004378	extract-data	kind	KIND_OK	samples/부산광역시/2018/extract-data-004378.hwp	부산광역시	2018	hwp	all	10	10	
u_extract_data-004379	extract-data	kind	KIND_OK	samples/제주특별자치도/2018/extract-data-004379.hwpx	제주특별자치도	2018	hwpx	date	11	11	
u_extract_data-004380	extract-data	kind	COUNT_DRIFT	samples/법제처/2019/extract-data-004380.hwp	법제처	2019	hwp	amount	0	1	
u_extract_data-004381	extract-data	kind	KIND_UNKNOWN	samples/행정안전부/2019/extract-data-004381.hwpx	행정안전부	2019	hwpx	token	1	1	
u_extract_data-004382	extract-data	kind	KIND_OK	samples/국세청/2019/extract-data-004382.hwp	국세청	2019	hwp	date	2	2	
u_extract_data-004383	extract-data	kind	KIND_OK	samples/대법원/2019/extract-data-004383.hwpx	대법원	2019	hwpx	amount	3	3	
u_extract_data-004384	extract-data	kind	KIND_OK	samples/특허청/2019/extract-data-004384.hwp	특허청	2019	hwp	number	4	4	
u_extract_data-004385	extract-data	kind	KIND_OK	samples/교육부/2019/extract-data-004385.hwpx	교육부	2019	hwpx	all	5	5	
u_extract_data-004386	extract-data	kind	KIND_OK	samples/보건복지부/2019/extract-data-004386.hwp	보건복지부	2019	hwp	date	6	6	
u_extract_data-004387	extract-data	kind	COUNT_DRIFT	samples/국토교통부/2019/extract-data-004387.hwpx	국토교통부	2019	hwpx	amount	7	8	
u_extract_data-004388	extract-data	kind	KIND_UNKNOWN	samples/고용노동부/2019/extract-data-004388.hwp	고용노동부	2019	hwp	token	8	8	
u_extract_data-004389	extract-data	kind	KIND_OK	samples/외교부/2019/extract-data-004389.hwpx	외교부	2019	hwpx	date	9	9	
u_extract_data-004390	extract-data	kind	KIND_OK	samples/기획재정부/2019/extract-data-004390.hwp	기획재정부	2019	hwp	amount	10	10	
u_extract_data-004391	extract-data	kind	KIND_OK	samples/공정거래위원회/2019/extract-data-004391.hwpx	공정거래위원회	2019	hwpx	number	11	11	
u_extract_data-004392	extract-data	kind	KIND_OK	samples/금융위원회/2019/extract-data-004392.hwp	금융위원회	2019	hwp	all	0	0	
u_extract_data-004393	extract-data	kind	KIND_OK	samples/통계청/2019/extract-data-004393.hwpx	통계청	2019	hwpx	date	1	1	
u_extract_data-004394	extract-data	kind	COUNT_DRIFT	samples/기상청/2019/extract-data-004394.hwp	기상청	2019	hwp	amount	2	3	
u_extract_data-004395	extract-data	kind	KIND_UNKNOWN	samples/관세청/2019/extract-data-004395.hwpx	관세청	2019	hwpx	token	3	3	
u_extract_data-004396	extract-data	kind	KIND_OK	samples/검찰청/2019/extract-data-004396.hwp	검찰청	2019	hwp	date	4	4	
u_extract_data-004397	extract-data	kind	KIND_OK	samples/경찰청/2019/extract-data-004397.hwpx	경찰청	2019	hwpx	amount	5	5	
u_extract_data-004398	extract-data	kind	KIND_OK	samples/소방청/2019/extract-data-004398.hwp	소방청	2019	hwp	number	6	6	
u_extract_data-004399	extract-data	kind	KIND_OK	samples/병무청/2019/extract-data-004399.hwpx	병무청	2019	hwpx	all	7	7	
u_extract_data-004400	extract-data	kind	KIND_OK	samples/산림청/2019/extract-data-004400.hwp	산림청	2019	hwp	date	8	8	
u_extract_data-004401	extract-data	kind	COUNT_DRIFT	samples/중소벤처기업부/2019/extract-data-004401.hwpx	중소벤처기업부	2019	hwpx	amount	9	10	
u_extract_data-004402	extract-data	kind	KIND_UNKNOWN	samples/과학기술정보통신부/2019/extract-data-004402.hwp	과학기술정보통신부	2019	hwp	token	10	10	
u_extract_data-004403	extract-data	kind	KIND_OK	samples/문화체육관광부/2019/extract-data-004403.hwpx	문화체육관광부	2019	hwpx	date	11	11	
u_extract_data-004404	extract-data	kind	KIND_OK	samples/환경부/2019/extract-data-004404.hwp	환경부	2019	hwp	amount	0	0	
u_extract_data-004405	extract-data	kind	KIND_OK	samples/해양수산부/2019/extract-data-004405.hwpx	해양수산부	2019	hwpx	number	1	1	
u_extract_data-004406	extract-data	kind	KIND_OK	samples/서울특별시/2019/extract-data-004406.hwp	서울특별시	2019	hwp	all	2	2	
u_extract_data-004407	extract-data	kind	KIND_OK	samples/경기도/2019/extract-data-004407.hwpx	경기도	2019	hwpx	date	3	3	
u_extract_data-004408	extract-data	kind	COUNT_DRIFT	samples/부산광역시/2019/extract-data-004408.hwp	부산광역시	2019	hwp	amount	4	5	
u_extract_data-004409	extract-data	kind	KIND_UNKNOWN	samples/제주특별자치도/2019/extract-data-004409.hwpx	제주특별자치도	2019	hwpx	token	5	5	
u_extract_data-004410	extract-data	kind	KIND_OK	samples/법제처/2020/extract-data-004410.hwp	법제처	2020	hwp	date	6	6	
u_extract_data-004411	extract-data	kind	KIND_OK	samples/행정안전부/2020/extract-data-004411.hwpx	행정안전부	2020	hwpx	amount	7	7	
u_extract_data-004412	extract-data	kind	KIND_OK	samples/국세청/2020/extract-data-004412.hwp	국세청	2020	hwp	number	8	8	
u_extract_data-004413	extract-data	kind	KIND_OK	samples/대법원/2020/extract-data-004413.hwpx	대법원	2020	hwpx	all	9	9	
u_extract_data-004414	extract-data	kind	KIND_OK	samples/특허청/2020/extract-data-004414.hwp	특허청	2020	hwp	date	10	10	
u_extract_data-004415	extract-data	kind	COUNT_DRIFT	samples/교육부/2020/extract-data-004415.hwpx	교육부	2020	hwpx	amount	11	12	
u_extract_data-004416	extract-data	kind	KIND_UNKNOWN	samples/보건복지부/2020/extract-data-004416.hwp	보건복지부	2020	hwp	token	0	0	
u_extract_data-004417	extract-data	kind	KIND_OK	samples/국토교통부/2020/extract-data-004417.hwpx	국토교통부	2020	hwpx	date	1	1	
u_extract_data-004418	extract-data	kind	KIND_OK	samples/고용노동부/2020/extract-data-004418.hwp	고용노동부	2020	hwp	amount	2	2	
u_extract_data-004419	extract-data	kind	KIND_OK	samples/외교부/2020/extract-data-004419.hwpx	외교부	2020	hwpx	number	3	3	
u_extract_data-004420	extract-data	kind	KIND_OK	samples/기획재정부/2020/extract-data-004420.hwp	기획재정부	2020	hwp	all	4	4	
u_extract_data-004421	extract-data	kind	KIND_OK	samples/공정거래위원회/2020/extract-data-004421.hwpx	공정거래위원회	2020	hwpx	date	5	5	
u_extract_data-004422	extract-data	kind	COUNT_DRIFT	samples/금융위원회/2020/extract-data-004422.hwp	금융위원회	2020	hwp	amount	6	7	
u_extract_data-004423	extract-data	kind	KIND_UNKNOWN	samples/통계청/2020/extract-data-004423.hwpx	통계청	2020	hwpx	token	7	7	
u_extract_data-004424	extract-data	kind	KIND_OK	samples/기상청/2020/extract-data-004424.hwp	기상청	2020	hwp	date	8	8	
u_extract_data-004425	extract-data	kind	KIND_OK	samples/관세청/2020/extract-data-004425.hwpx	관세청	2020	hwpx	amount	9	9	
u_extract_data-004426	extract-data	kind	KIND_OK	samples/검찰청/2020/extract-data-004426.hwp	검찰청	2020	hwp	number	10	10	
u_extract_data-004427	extract-data	kind	KIND_OK	samples/경찰청/2020/extract-data-004427.hwpx	경찰청	2020	hwpx	all	11	11	
u_extract_data-004428	extract-data	kind	KIND_OK	samples/소방청/2020/extract-data-004428.hwp	소방청	2020	hwp	date	0	0	
u_extract_data-004429	extract-data	kind	COUNT_DRIFT	samples/병무청/2020/extract-data-004429.hwpx	병무청	2020	hwpx	amount	1	2	
u_extract_data-004430	extract-data	kind	KIND_UNKNOWN	samples/산림청/2020/extract-data-004430.hwp	산림청	2020	hwp	token	2	2	
u_extract_data-004431	extract-data	kind	KIND_OK	samples/중소벤처기업부/2020/extract-data-004431.hwpx	중소벤처기업부	2020	hwpx	date	3	3	
u_extract_data-004432	extract-data	kind	KIND_OK	samples/과학기술정보통신부/2020/extract-data-004432.hwp	과학기술정보통신부	2020	hwp	amount	4	4	
u_extract_data-004433	extract-data	kind	KIND_OK	samples/문화체육관광부/2020/extract-data-004433.hwpx	문화체육관광부	2020	hwpx	number	5	5	
u_extract_data-004434	extract-data	kind	KIND_OK	samples/환경부/2020/extract-data-004434.hwp	환경부	2020	hwp	all	6	6	
u_extract_data-004435	extract-data	kind	KIND_OK	samples/해양수산부/2020/extract-data-004435.hwpx	해양수산부	2020	hwpx	date	7	7	
u_extract_data-004436	extract-data	kind	COUNT_DRIFT	samples/서울특별시/2020/extract-data-004436.hwp	서울특별시	2020	hwp	amount	8	9	
u_extract_data-004437	extract-data	kind	KIND_UNKNOWN	samples/경기도/2020/extract-data-004437.hwpx	경기도	2020	hwpx	token	9	9	
u_extract_data-004438	extract-data	kind	KIND_OK	samples/부산광역시/2020/extract-data-004438.hwp	부산광역시	2020	hwp	date	10	10	
u_extract_data-004439	extract-data	kind	KIND_OK	samples/제주특별자치도/2020/extract-data-004439.hwpx	제주특별자치도	2020	hwpx	amount	11	11	
u_extract_data-004440	extract-data	kind	KIND_OK	samples/법제처/2021/extract-data-004440.hwp	법제처	2021	hwp	number	0	0	
u_extract_data-004441	extract-data	kind	KIND_OK	samples/행정안전부/2021/extract-data-004441.hwpx	행정안전부	2021	hwpx	all	1	1	
u_extract_data-004442	extract-data	kind	KIND_OK	samples/국세청/2021/extract-data-004442.hwp	국세청	2021	hwp	date	2	2	
u_extract_data-004443	extract-data	kind	COUNT_DRIFT	samples/대법원/2021/extract-data-004443.hwpx	대법원	2021	hwpx	amount	3	4	
u_extract_data-004444	extract-data	kind	KIND_UNKNOWN	samples/특허청/2021/extract-data-004444.hwp	특허청	2021	hwp	token	4	4	
u_extract_data-004445	extract-data	kind	KIND_OK	samples/교육부/2021/extract-data-004445.hwpx	교육부	2021	hwpx	date	5	5	
u_extract_data-004446	extract-data	kind	KIND_OK	samples/보건복지부/2021/extract-data-004446.hwp	보건복지부	2021	hwp	amount	6	6	
u_extract_data-004447	extract-data	kind	KIND_OK	samples/국토교통부/2021/extract-data-004447.hwpx	국토교통부	2021	hwpx	number	7	7	
u_extract_data-004448	extract-data	kind	KIND_OK	samples/고용노동부/2021/extract-data-004448.hwp	고용노동부	2021	hwp	all	8	8	
u_extract_data-004449	extract-data	kind	KIND_OK	samples/외교부/2021/extract-data-004449.hwpx	외교부	2021	hwpx	date	9	9	
u_extract_data-004450	extract-data	kind	COUNT_DRIFT	samples/기획재정부/2021/extract-data-004450.hwp	기획재정부	2021	hwp	amount	10	11	
u_extract_data-004451	extract-data	kind	KIND_UNKNOWN	samples/공정거래위원회/2021/extract-data-004451.hwpx	공정거래위원회	2021	hwpx	token	11	11	
u_extract_data-004452	extract-data	kind	KIND_OK	samples/금융위원회/2021/extract-data-004452.hwp	금융위원회	2021	hwp	date	0	0	
u_extract_data-004453	extract-data	kind	KIND_OK	samples/통계청/2021/extract-data-004453.hwpx	통계청	2021	hwpx	amount	1	1	
u_extract_data-004454	extract-data	kind	KIND_OK	samples/기상청/2021/extract-data-004454.hwp	기상청	2021	hwp	number	2	2	
u_extract_data-004455	extract-data	kind	KIND_OK	samples/관세청/2021/extract-data-004455.hwpx	관세청	2021	hwpx	all	3	3	
u_extract_data-004456	extract-data	kind	KIND_OK	samples/검찰청/2021/extract-data-004456.hwp	검찰청	2021	hwp	date	4	4	
u_extract_data-004457	extract-data	kind	COUNT_DRIFT	samples/경찰청/2021/extract-data-004457.hwpx	경찰청	2021	hwpx	amount	5	6	
u_extract_data-004458	extract-data	kind	KIND_UNKNOWN	samples/소방청/2021/extract-data-004458.hwp	소방청	2021	hwp	token	6	6	
u_extract_data-004459	extract-data	kind	KIND_OK	samples/병무청/2021/extract-data-004459.hwpx	병무청	2021	hwpx	date	7	7	
u_extract_data-004460	extract-data	kind	KIND_OK	samples/산림청/2021/extract-data-004460.hwp	산림청	2021	hwp	amount	8	8	
u_extract_data-004461	extract-data	kind	KIND_OK	samples/중소벤처기업부/2021/extract-data-004461.hwpx	중소벤처기업부	2021	hwpx	number	9	9	
u_extract_data-004462	extract-data	kind	KIND_OK	samples/과학기술정보통신부/2021/extract-data-004462.hwp	과학기술정보통신부	2021	hwp	all	10	10	
u_extract_data-004463	extract-data	kind	KIND_OK	samples/문화체육관광부/2021/extract-data-004463.hwpx	문화체육관광부	2021	hwpx	date	11	11	
u_extract_data-004464	extract-data	kind	COUNT_DRIFT	samples/환경부/2021/extract-data-004464.hwp	환경부	2021	hwp	amount	0	1	
u_extract_data-004465	extract-data	kind	KIND_UNKNOWN	samples/해양수산부/2021/extract-data-004465.hwpx	해양수산부	2021	hwpx	token	1	1	
u_extract_data-004466	extract-data	kind	KIND_OK	samples/서울특별시/2021/extract-data-004466.hwp	서울특별시	2021	hwp	date	2	2	
u_extract_data-004467	extract-data	kind	KIND_OK	samples/경기도/2021/extract-data-004467.hwpx	경기도	2021	hwpx	amount	3	3	
u_extract_data-004468	extract-data	kind	KIND_OK	samples/부산광역시/2021/extract-data-004468.hwp	부산광역시	2021	hwp	number	4	4	
u_extract_data-004469	extract-data	kind	KIND_OK	samples/제주특별자치도/2021/extract-data-004469.hwpx	제주특별자치도	2021	hwpx	all	5	5	
u_extract_data-004470	extract-data	kind	KIND_OK	samples/법제처/2022/extract-data-004470.hwp	법제처	2022	hwp	date	6	6	
u_extract_data-004471	extract-data	kind	COUNT_DRIFT	samples/행정안전부/2022/extract-data-004471.hwpx	행정안전부	2022	hwpx	amount	7	8	
u_extract_data-004472	extract-data	kind	KIND_UNKNOWN	samples/국세청/2022/extract-data-004472.hwp	국세청	2022	hwp	token	8	8	
u_extract_data-004473	extract-data	kind	KIND_OK	samples/대법원/2022/extract-data-004473.hwpx	대법원	2022	hwpx	date	9	9	
u_extract_data-004474	extract-data	kind	KIND_OK	samples/특허청/2022/extract-data-004474.hwp	특허청	2022	hwp	amount	10	10	
u_extract_data-004475	extract-data	kind	KIND_OK	samples/교육부/2022/extract-data-004475.hwpx	교육부	2022	hwpx	number	11	11	
u_extract_data-004476	extract-data	kind	KIND_OK	samples/보건복지부/2022/extract-data-004476.hwp	보건복지부	2022	hwp	all	0	0	
u_extract_data-004477	extract-data	kind	KIND_OK	samples/국토교통부/2022/extract-data-004477.hwpx	국토교통부	2022	hwpx	date	1	1	
u_extract_data-004478	extract-data	kind	COUNT_DRIFT	samples/고용노동부/2022/extract-data-004478.hwp	고용노동부	2022	hwp	amount	2	3	
u_extract_data-004479	extract-data	kind	KIND_UNKNOWN	samples/외교부/2022/extract-data-004479.hwpx	외교부	2022	hwpx	token	3	3	
u_extract_data-004480	extract-data	kind	KIND_OK	samples/기획재정부/2022/extract-data-004480.hwp	기획재정부	2022	hwp	date	4	4	
u_extract_data-004481	extract-data	kind	KIND_OK	samples/공정거래위원회/2022/extract-data-004481.hwpx	공정거래위원회	2022	hwpx	amount	5	5	
u_extract_data-004482	extract-data	kind	KIND_OK	samples/금융위원회/2022/extract-data-004482.hwp	금융위원회	2022	hwp	number	6	6	
u_extract_data-004483	extract-data	kind	KIND_OK	samples/통계청/2022/extract-data-004483.hwpx	통계청	2022	hwpx	all	7	7	
u_extract_data-004484	extract-data	kind	KIND_OK	samples/기상청/2022/extract-data-004484.hwp	기상청	2022	hwp	date	8	8	
u_extract_data-004485	extract-data	kind	COUNT_DRIFT	samples/관세청/2022/extract-data-004485.hwpx	관세청	2022	hwpx	amount	9	10	
u_extract_data-004486	extract-data	kind	KIND_UNKNOWN	samples/검찰청/2022/extract-data-004486.hwp	검찰청	2022	hwp	token	10	10	
u_extract_data-004487	extract-data	kind	KIND_OK	samples/경찰청/2022/extract-data-004487.hwpx	경찰청	2022	hwpx	date	11	11	
u_extract_data-004488	extract-data	kind	KIND_OK	samples/소방청/2022/extract-data-004488.hwp	소방청	2022	hwp	amount	0	0	
u_extract_data-004489	extract-data	kind	KIND_OK	samples/병무청/2022/extract-data-004489.hwpx	병무청	2022	hwpx	number	1	1	
u_extract_data-004490	extract-data	kind	KIND_OK	samples/산림청/2022/extract-data-004490.hwp	산림청	2022	hwp	all	2	2	
u_extract_data-004491	extract-data	kind	KIND_OK	samples/중소벤처기업부/2022/extract-data-004491.hwpx	중소벤처기업부	2022	hwpx	date	3	3	
u_extract_data-004492	extract-data	kind	COUNT_DRIFT	samples/과학기술정보통신부/2022/extract-data-004492.hwp	과학기술정보통신부	2022	hwp	amount	4	5	
u_extract_data-004493	extract-data	kind	KIND_UNKNOWN	samples/문화체육관광부/2022/extract-data-004493.hwpx	문화체육관광부	2022	hwpx	token	5	5	
u_extract_data-004494	extract-data	kind	KIND_OK	samples/환경부/2022/extract-data-004494.hwp	환경부	2022	hwp	date	6	6	
u_extract_data-004495	extract-data	kind	KIND_OK	samples/해양수산부/2022/extract-data-004495.hwpx	해양수산부	2022	hwpx	amount	7	7	
u_extract_data-004496	extract-data	kind	KIND_OK	samples/서울특별시/2022/extract-data-004496.hwp	서울특별시	2022	hwp	number	8	8	
u_extract_data-004497	extract-data	kind	KIND_OK	samples/경기도/2022/extract-data-004497.hwpx	경기도	2022	hwpx	all	9	9	
u_extract_data-004498	extract-data	kind	KIND_OK	samples/부산광역시/2022/extract-data-004498.hwp	부산광역시	2022	hwp	date	10	10	
u_extract_data-004499	extract-data	kind	COUNT_DRIFT	samples/제주특별자치도/2022/extract-data-004499.hwpx	제주특별자치도	2022	hwpx	amount	11	12	
u_extract_data-004500	extract-data	kind	KIND_UNKNOWN	samples/법제처/2023/extract-data-004500.hwp	법제처	2023	hwp	token	0	0	
u_extract_data-004501	extract-data	kind	KIND_OK	samples/행정안전부/2023/extract-data-004501.hwpx	행정안전부	2023	hwpx	date	1	1	
u_extract_data-004502	extract-data	kind	KIND_OK	samples/국세청/2023/extract-data-004502.hwp	국세청	2023	hwp	amount	2	2	
u_extract_data-004503	extract-data	kind	KIND_OK	samples/대법원/2023/extract-data-004503.hwpx	대법원	2023	hwpx	number	3	3	
u_extract_data-004504	extract-data	kind	KIND_OK	samples/특허청/2023/extract-data-004504.hwp	특허청	2023	hwp	all	4	4	
u_extract_data-004505	extract-data	kind	KIND_OK	samples/교육부/2023/extract-data-004505.hwpx	교육부	2023	hwpx	date	5	5	
u_extract_data-004506	extract-data	kind	COUNT_DRIFT	samples/보건복지부/2023/extract-data-004506.hwp	보건복지부	2023	hwp	amount	6	7	
u_extract_data-004507	extract-data	kind	KIND_UNKNOWN	samples/국토교통부/2023/extract-data-004507.hwpx	국토교통부	2023	hwpx	token	7	7	
u_extract_data-004508	extract-data	kind	KIND_OK	samples/고용노동부/2023/extract-data-004508.hwp	고용노동부	2023	hwp	date	8	8	
u_extract_data-004509	extract-data	kind	KIND_OK	samples/외교부/2023/extract-data-004509.hwpx	외교부	2023	hwpx	amount	9	9	
u_extract_data-004510	extract-data	kind	KIND_OK	samples/기획재정부/2023/extract-data-004510.hwp	기획재정부	2023	hwp	number	10	10	
u_extract_data-004511	extract-data	kind	KIND_OK	samples/공정거래위원회/2023/extract-data-004511.hwpx	공정거래위원회	2023	hwpx	all	11	11	
u_extract_data-004512	extract-data	kind	KIND_OK	samples/금융위원회/2023/extract-data-004512.hwp	금융위원회	2023	hwp	date	0	0	
u_extract_data-004513	extract-data	kind	COUNT_DRIFT	samples/통계청/2023/extract-data-004513.hwpx	통계청	2023	hwpx	amount	1	2	
u_extract_data-004514	extract-data	kind	KIND_UNKNOWN	samples/기상청/2023/extract-data-004514.hwp	기상청	2023	hwp	token	2	2	
u_extract_data-004515	extract-data	kind	KIND_OK	samples/관세청/2023/extract-data-004515.hwpx	관세청	2023	hwpx	date	3	3	
u_extract_data-004516	extract-data	kind	KIND_OK	samples/검찰청/2023/extract-data-004516.hwp	검찰청	2023	hwp	amount	4	4	
u_extract_data-004517	extract-data	kind	KIND_OK	samples/경찰청/2023/extract-data-004517.hwpx	경찰청	2023	hwpx	number	5	5	
u_extract_data-004518	extract-data	kind	KIND_OK	samples/소방청/2023/extract-data-004518.hwp	소방청	2023	hwp	all	6	6	
u_extract_data-004519	extract-data	kind	KIND_OK	samples/병무청/2023/extract-data-004519.hwpx	병무청	2023	hwpx	date	7	7	
u_extract_data-004520	extract-data	kind	COUNT_DRIFT	samples/산림청/2023/extract-data-004520.hwp	산림청	2023	hwp	amount	8	9	
u_extract_data-004521	extract-data	kind	KIND_UNKNOWN	samples/중소벤처기업부/2023/extract-data-004521.hwpx	중소벤처기업부	2023	hwpx	token	9	9	
u_extract_data-004522	extract-data	kind	KIND_OK	samples/과학기술정보통신부/2023/extract-data-004522.hwp	과학기술정보통신부	2023	hwp	date	10	10	
u_extract_data-004523	extract-data	kind	KIND_OK	samples/문화체육관광부/2023/extract-data-004523.hwpx	문화체육관광부	2023	hwpx	amount	11	11	
u_extract_data-004524	extract-data	kind	KIND_OK	samples/환경부/2023/extract-data-004524.hwp	환경부	2023	hwp	number	0	0	
u_extract_data-004525	extract-data	kind	KIND_OK	samples/해양수산부/2023/extract-data-004525.hwpx	해양수산부	2023	hwpx	all	1	1	
u_extract_data-004526	extract-data	kind	KIND_OK	samples/서울특별시/2023/extract-data-004526.hwp	서울특별시	2023	hwp	date	2	2	
u_extract_data-004527	extract-data	kind	COUNT_DRIFT	samples/경기도/2023/extract-data-004527.hwpx	경기도	2023	hwpx	amount	3	4	
u_extract_data-004528	extract-data	kind	KIND_UNKNOWN	samples/부산광역시/2023/extract-data-004528.hwp	부산광역시	2023	hwp	token	4	4	
u_extract_data-004529	extract-data	kind	KIND_OK	samples/제주특별자치도/2023/extract-data-004529.hwpx	제주특별자치도	2023	hwpx	date	5	5	
u_extract_data-004530	extract-data	kind	KIND_OK	samples/법제처/2024/extract-data-004530.hwp	법제처	2024	hwp	amount	6	6	
u_extract_data-004531	extract-data	kind	KIND_OK	samples/행정안전부/2024/extract-data-004531.hwpx	행정안전부	2024	hwpx	number	7	7	
u_extract_data-004532	extract-data	kind	KIND_OK	samples/국세청/2024/extract-data-004532.hwp	국세청	2024	hwp	all	8	8	
u_extract_data-004533	extract-data	kind	KIND_OK	samples/대법원/2024/extract-data-004533.hwpx	대법원	2024	hwpx	date	9	9	
u_extract_data-004534	extract-data	kind	COUNT_DRIFT	samples/특허청/2024/extract-data-004534.hwp	특허청	2024	hwp	amount	10	11	
u_extract_data-004535	extract-data	kind	KIND_UNKNOWN	samples/교육부/2024/extract-data-004535.hwpx	교육부	2024	hwpx	token	11	11	
u_extract_data-004536	extract-data	kind	KIND_OK	samples/보건복지부/2024/extract-data-004536.hwp	보건복지부	2024	hwp	date	0	0	
u_extract_data-004537	extract-data	kind	KIND_OK	samples/국토교통부/2024/extract-data-004537.hwpx	국토교통부	2024	hwpx	amount	1	1	
u_extract_data-004538	extract-data	kind	KIND_OK	samples/고용노동부/2024/extract-data-004538.hwp	고용노동부	2024	hwp	number	2	2	
u_extract_data-004539	extract-data	kind	KIND_OK	samples/외교부/2024/extract-data-004539.hwpx	외교부	2024	hwpx	all	3	3	
u_extract_data-004540	extract-data	kind	KIND_OK	samples/기획재정부/2024/extract-data-004540.hwp	기획재정부	2024	hwp	date	4	4	
u_extract_data-004541	extract-data	kind	COUNT_DRIFT	samples/공정거래위원회/2024/extract-data-004541.hwpx	공정거래위원회	2024	hwpx	amount	5	6	
u_extract_data-004542	extract-data	kind	KIND_UNKNOWN	samples/금융위원회/2024/extract-data-004542.hwp	금융위원회	2024	hwp	token	6	6	
u_extract_data-004543	extract-data	kind	KIND_OK	samples/통계청/2024/extract-data-004543.hwpx	통계청	2024	hwpx	date	7	7	
u_extract_data-004544	extract-data	kind	KIND_OK	samples/기상청/2024/extract-data-004544.hwp	기상청	2024	hwp	amount	8	8	
u_extract_data-004545	extract-data	kind	KIND_OK	samples/관세청/2024/extract-data-004545.hwpx	관세청	2024	hwpx	number	9	9	
u_extract_data-004546	extract-data	kind	KIND_OK	samples/검찰청/2024/extract-data-004546.hwp	검찰청	2024	hwp	all	10	10	
u_extract_data-004547	extract-data	kind	KIND_OK	samples/경찰청/2024/extract-data-004547.hwpx	경찰청	2024	hwpx	date	11	11	
u_extract_data-004548	extract-data	kind	COUNT_DRIFT	samples/소방청/2024/extract-data-004548.hwp	소방청	2024	hwp	amount	0	1	
u_extract_data-004549	extract-data	kind	KIND_UNKNOWN	samples/병무청/2024/extract-data-004549.hwpx	병무청	2024	hwpx	token	1	1	
u_extract_data-004550	extract-data	kind	KIND_OK	samples/산림청/2024/extract-data-004550.hwp	산림청	2024	hwp	date	2	2	
u_extract_data-004551	extract-data	kind	KIND_OK	samples/중소벤처기업부/2024/extract-data-004551.hwpx	중소벤처기업부	2024	hwpx	amount	3	3	
u_extract_data-004552	extract-data	kind	KIND_OK	samples/과학기술정보통신부/2024/extract-data-004552.hwp	과학기술정보통신부	2024	hwp	number	4	4	
u_extract_data-004553	extract-data	kind	KIND_OK	samples/문화체육관광부/2024/extract-data-004553.hwpx	문화체육관광부	2024	hwpx	all	5	5	
u_extract_data-004554	extract-data	kind	KIND_OK	samples/환경부/2024/extract-data-004554.hwp	환경부	2024	hwp	date	6	6	
u_extract_data-004555	extract-data	kind	COUNT_DRIFT	samples/해양수산부/2024/extract-data-004555.hwpx	해양수산부	2024	hwpx	amount	7	8	
u_extract_data-004556	extract-data	kind	KIND_UNKNOWN	samples/서울특별시/2024/extract-data-004556.hwp	서울특별시	2024	hwp	token	8	8	
u_extract_data-004557	extract-data	kind	KIND_OK	samples/경기도/2024/extract-data-004557.hwpx	경기도	2024	hwpx	date	9	9	
u_extract_data-004558	extract-data	kind	KIND_OK	samples/부산광역시/2024/extract-data-004558.hwp	부산광역시	2024	hwp	amount	10	10	
u_extract_data-004559	extract-data	kind	KIND_OK	samples/제주특별자치도/2024/extract-data-004559.hwpx	제주특별자치도	2024	hwpx	number	11	11	
u_extract_data-004560	extract-data	kind	KIND_OK	samples/법제처/2025/extract-data-004560.hwp	법제처	2025	hwp	all	0	0	
u_extract_data-004561	extract-data	kind	KIND_OK	samples/행정안전부/2025/extract-data-004561.hwpx	행정안전부	2025	hwpx	date	1	1	
u_extract_data-004562	extract-data	kind	COUNT_DRIFT	samples/국세청/2025/extract-data-004562.hwp	국세청	2025	hwp	amount	2	3	
u_extract_data-004563	extract-data	kind	KIND_UNKNOWN	samples/대법원/2025/extract-data-004563.hwpx	대법원	2025	hwpx	token	3	3	
u_extract_data-004564	extract-data	kind	KIND_OK	samples/특허청/2025/extract-data-004564.hwp	특허청	2025	hwp	date	4	4	
u_extract_data-004565	extract-data	kind	KIND_OK	samples/교육부/2025/extract-data-004565.hwpx	교육부	2025	hwpx	amount	5	5	
u_extract_data-004566	extract-data	kind	KIND_OK	samples/보건복지부/2025/extract-data-004566.hwp	보건복지부	2025	hwp	number	6	6	
u_extract_data-004567	extract-data	kind	KIND_OK	samples/국토교통부/2025/extract-data-004567.hwpx	국토교통부	2025	hwpx	all	7	7	
u_extract_data-004568	extract-data	kind	KIND_OK	samples/고용노동부/2025/extract-data-004568.hwp	고용노동부	2025	hwp	date	8	8	
u_extract_data-004569	extract-data	kind	COUNT_DRIFT	samples/외교부/2025/extract-data-004569.hwpx	외교부	2025	hwpx	amount	9	10	
u_extract_data-004570	extract-data	kind	KIND_UNKNOWN	samples/기획재정부/2025/extract-data-004570.hwp	기획재정부	2025	hwp	token	10	10	
u_extract_data-004571	extract-data	kind	KIND_OK	samples/공정거래위원회/2025/extract-data-004571.hwpx	공정거래위원회	2025	hwpx	date	11	11	
u_extract_data-004572	extract-data	kind	KIND_OK	samples/금융위원회/2025/extract-data-004572.hwp	금융위원회	2025	hwp	amount	0	0	
u_extract_data-004573	extract-data	kind	KIND_OK	samples/통계청/2025/extract-data-004573.hwpx	통계청	2025	hwpx	number	1	1	
u_extract_data-004574	extract-data	kind	KIND_OK	samples/기상청/2025/extract-data-004574.hwp	기상청	2025	hwp	all	2	2	
u_extract_data-004575	extract-data	kind	KIND_OK	samples/관세청/2025/extract-data-004575.hwpx	관세청	2025	hwpx	date	3	3	
u_extract_data-004576	extract-data	kind	COUNT_DRIFT	samples/검찰청/2025/extract-data-004576.hwp	검찰청	2025	hwp	amount	4	5	
u_extract_data-004577	extract-data	kind	KIND_UNKNOWN	samples/경찰청/2025/extract-data-004577.hwpx	경찰청	2025	hwpx	token	5	5	
u_extract_data-004578	extract-data	kind	KIND_OK	samples/소방청/2025/extract-data-004578.hwp	소방청	2025	hwp	date	6	6	
u_extract_data-004579	extract-data	kind	KIND_OK	samples/병무청/2025/extract-data-004579.hwpx	병무청	2025	hwpx	amount	7	7	
u_extract_data-004580	extract-data	kind	KIND_OK	samples/산림청/2025/extract-data-004580.hwp	산림청	2025	hwp	number	8	8	
u_extract_data-004581	extract-data	kind	KIND_OK	samples/중소벤처기업부/2025/extract-data-004581.hwpx	중소벤처기업부	2025	hwpx	all	9	9	
u_extract_data-004582	extract-data	kind	KIND_OK	samples/과학기술정보통신부/2025/extract-data-004582.hwp	과학기술정보통신부	2025	hwp	date	10	10	
u_extract_data-004583	extract-data	kind	COUNT_DRIFT	samples/문화체육관광부/2025/extract-data-004583.hwpx	문화체육관광부	2025	hwpx	amount	11	12	
u_extract_data-004584	extract-data	kind	KIND_UNKNOWN	samples/환경부/2025/extract-data-004584.hwp	환경부	2025	hwp	token	0	0	
u_extract_data-004585	extract-data	kind	KIND_OK	samples/해양수산부/2025/extract-data-004585.hwpx	해양수산부	2025	hwpx	date	1	1	
u_extract_data-004586	extract-data	kind	KIND_OK	samples/서울특별시/2025/extract-data-004586.hwp	서울특별시	2025	hwp	amount	2	2	
u_extract_data-004587	extract-data	kind	KIND_OK	samples/경기도/2025/extract-data-004587.hwpx	경기도	2025	hwpx	number	3	3	
u_extract_data-004588	extract-data	kind	KIND_OK	samples/부산광역시/2025/extract-data-004588.hwp	부산광역시	2025	hwp	all	4	4	
u_extract_data-004589	extract-data	kind	KIND_OK	samples/제주특별자치도/2025/extract-data-004589.hwpx	제주특별자치도	2025	hwpx	date	5	5	
u_extract_data-004590	extract-data	kind	COUNT_DRIFT	samples/법제처/2026/extract-data-004590.hwp	법제처	2026	hwp	amount	6	7	
u_extract_data-004591	extract-data	kind	KIND_UNKNOWN	samples/행정안전부/2026/extract-data-004591.hwpx	행정안전부	2026	hwpx	token	7	7	
u_extract_data-004592	extract-data	kind	KIND_OK	samples/국세청/2026/extract-data-004592.hwp	국세청	2026	hwp	date	8	8	
u_extract_data-004593	extract-data	kind	KIND_OK	samples/대법원/2026/extract-data-004593.hwpx	대법원	2026	hwpx	amount	9	9	
u_extract_data-004594	extract-data	kind	KIND_OK	samples/특허청/2026/extract-data-004594.hwp	특허청	2026	hwp	number	10	10	
u_extract_data-004595	extract-data	kind	KIND_OK	samples/교육부/2026/extract-data-004595.hwpx	교육부	2026	hwpx	all	11	11	
u_extract_data-004596	extract-data	kind	KIND_OK	samples/보건복지부/2026/extract-data-004596.hwp	보건복지부	2026	hwp	date	0	0	
u_extract_data-004597	extract-data	kind	COUNT_DRIFT	samples/국토교통부/2026/extract-data-004597.hwpx	국토교통부	2026	hwpx	amount	1	2	
u_extract_data-004598	extract-data	kind	KIND_UNKNOWN	samples/고용노동부/2026/extract-data-004598.hwp	고용노동부	2026	hwp	token	2	2	
u_extract_data-004599	extract-data	kind	KIND_OK	samples/외교부/2026/extract-data-004599.hwpx	외교부	2026	hwpx	date	3	3	
u_extract_data-004600	extract-data	kind	KIND_OK	samples/기획재정부/2026/extract-data-004600.hwp	기획재정부	2026	hwp	amount	4	4	
u_extract_data-004601	extract-data	kind	KIND_OK	samples/공정거래위원회/2026/extract-data-004601.hwpx	공정거래위원회	2026	hwpx	number	5	5	
u_extract_data-004602	extract-data	kind	KIND_OK	samples/금융위원회/2026/extract-data-004602.hwp	금융위원회	2026	hwp	all	6	6	
u_extract_data-004603	extract-data	kind	KIND_OK	samples/통계청/2026/extract-data-004603.hwpx	통계청	2026	hwpx	date	7	7	
u_extract_data-004604	extract-data	kind	COUNT_DRIFT	samples/기상청/2026/extract-data-004604.hwp	기상청	2026	hwp	amount	8	9	
u_extract_data-004605	extract-data	kind	KIND_UNKNOWN	samples/관세청/2026/extract-data-004605.hwpx	관세청	2026	hwpx	token	9	9	
u_extract_data-004606	extract-data	kind	KIND_OK	samples/검찰청/2026/extract-data-004606.hwp	검찰청	2026	hwp	date	10	10	
u_extract_data-004607	extract-data	kind	KIND_OK	samples/경찰청/2026/extract-data-004607.hwpx	경찰청	2026	hwpx	amount	11	11	
u_extract_data-004608	extract-data	kind	KIND_OK	samples/소방청/2026/extract-data-004608.hwp	소방청	2026	hwp	number	0	0	
u_extract_data-004609	extract-data	kind	KIND_OK	samples/병무청/2026/extract-data-004609.hwpx	병무청	2026	hwpx	all	1	1	
u_extract_data-004610	extract-data	kind	KIND_OK	samples/산림청/2026/extract-data-004610.hwp	산림청	2026	hwp	date	2	2	
u_extract_data-004611	extract-data	kind	COUNT_DRIFT	samples/중소벤처기업부/2026/extract-data-004611.hwpx	중소벤처기업부	2026	hwpx	amount	3	4	
u_extract_data-004612	extract-data	kind	KIND_UNKNOWN	samples/과학기술정보통신부/2026/extract-data-004612.hwp	과학기술정보통신부	2026	hwp	token	4	4	
u_extract_data-004613	extract-data	kind	KIND_OK	samples/문화체육관광부/2026/extract-data-004613.hwpx	문화체육관광부	2026	hwpx	date	5	5	
u_extract_data-004614	extract-data	kind	KIND_OK	samples/환경부/2026/extract-data-004614.hwp	환경부	2026	hwp	amount	6	6	
u_extract_data-004615	extract-data	kind	KIND_OK	samples/해양수산부/2026/extract-data-004615.hwpx	해양수산부	2026	hwpx	number	7	7	
u_extract_data-004616	extract-data	kind	KIND_OK	samples/서울특별시/2026/extract-data-004616.hwp	서울특별시	2026	hwp	all	8	8	
u_extract_data-004617	extract-data	kind	KIND_OK	samples/경기도/2026/extract-data-004617.hwpx	경기도	2026	hwpx	date	9	9	
u_extract_data-004618	extract-data	kind	COUNT_DRIFT	samples/부산광역시/2026/extract-data-004618.hwp	부산광역시	2026	hwp	amount	10	11	
u_extract_data-004619	extract-data	kind	KIND_UNKNOWN	samples/제주특별자치도/2026/extract-data-004619.hwpx	제주특별자치도	2026	hwpx	token	11	11	
u_extract_data-004620	extract-data	kind	KIND_OK	samples/법제처/2016/extract-data-004620.hwp	법제처	2016	hwp	date	0	0	
u_extract_data-004621	extract-data	kind	KIND_OK	samples/행정안전부/2016/extract-data-004621.hwpx	행정안전부	2016	hwpx	amount	1	1	
u_extract_data-004622	extract-data	kind	KIND_OK	samples/국세청/2016/extract-data-004622.hwp	국세청	2016	hwp	number	2	2	
u_extract_data-004623	extract-data	kind	KIND_OK	samples/대법원/2016/extract-data-004623.hwpx	대법원	2016	hwpx	all	3	3	
u_extract_data-004624	extract-data	kind	KIND_OK	samples/특허청/2016/extract-data-004624.hwp	특허청	2016	hwp	date	4	4	
u_extract_data-004625	extract-data	kind	COUNT_DRIFT	samples/교육부/2016/extract-data-004625.hwpx	교육부	2016	hwpx	amount	5	6	
u_extract_data-004626	extract-data	kind	KIND_UNKNOWN	samples/보건복지부/2016/extract-data-004626.hwp	보건복지부	2016	hwp	token	6	6	
u_extract_data-004627	extract-data	kind	KIND_OK	samples/국토교통부/2016/extract-data-004627.hwpx	국토교통부	2016	hwpx	date	7	7	
u_extract_data-004628	extract-data	kind	KIND_OK	samples/고용노동부/2016/extract-data-004628.hwp	고용노동부	2016	hwp	amount	8	8	
u_extract_data-004629	extract-data	kind	KIND_OK	samples/외교부/2016/extract-data-004629.hwpx	외교부	2016	hwpx	number	9	9	
u_extract_data-004630	extract-data	kind	KIND_OK	samples/기획재정부/2016/extract-data-004630.hwp	기획재정부	2016	hwp	all	10	10	
u_extract_data-004631	extract-data	kind	KIND_OK	samples/공정거래위원회/2016/extract-data-004631.hwpx	공정거래위원회	2016	hwpx	date	11	11	
u_extract_data-004632	extract-data	kind	COUNT_DRIFT	samples/금융위원회/2016/extract-data-004632.hwp	금융위원회	2016	hwp	amount	0	1	
u_extract_data-004633	extract-data	kind	KIND_UNKNOWN	samples/통계청/2016/extract-data-004633.hwpx	통계청	2016	hwpx	token	1	1	
u_extract_data-004634	extract-data	kind	KIND_OK	samples/기상청/2016/extract-data-004634.hwp	기상청	2016	hwp	date	2	2	
u_extract_data-004635	extract-data	kind	KIND_OK	samples/관세청/2016/extract-data-004635.hwpx	관세청	2016	hwpx	amount	3	3	
u_extract_data-004636	extract-data	kind	KIND_OK	samples/검찰청/2016/extract-data-004636.hwp	검찰청	2016	hwp	number	4	4	
u_extract_data-004637	extract-data	kind	KIND_OK	samples/경찰청/2016/extract-data-004637.hwpx	경찰청	2016	hwpx	all	5	5	
u_extract_data-004638	extract-data	kind	KIND_OK	samples/소방청/2016/extract-data-004638.hwp	소방청	2016	hwp	date	6	6	
u_extract_data-004639	extract-data	kind	COUNT_DRIFT	samples/병무청/2016/extract-data-004639.hwpx	병무청	2016	hwpx	amount	7	8	
u_extract_data-004640	extract-data	kind	KIND_UNKNOWN	samples/산림청/2016/extract-data-004640.hwp	산림청	2016	hwp	token	8	8	
u_extract_data-004641	extract-data	kind	KIND_OK	samples/중소벤처기업부/2016/extract-data-004641.hwpx	중소벤처기업부	2016	hwpx	date	9	9	
u_extract_data-004642	extract-data	kind	KIND_OK	samples/과학기술정보통신부/2016/extract-data-004642.hwp	과학기술정보통신부	2016	hwp	amount	10	10	
u_extract_data-004643	extract-data	kind	KIND_OK	samples/문화체육관광부/2016/extract-data-004643.hwpx	문화체육관광부	2016	hwpx	number	11	11	
u_extract_data-004644	extract-data	kind	KIND_OK	samples/환경부/2016/extract-data-004644.hwp	환경부	2016	hwp	all	0	0	
u_extract_data-004645	extract-data	kind	KIND_OK	samples/해양수산부/2016/extract-data-004645.hwpx	해양수산부	2016	hwpx	date	1	1	
u_extract_data-004646	extract-data	kind	COUNT_DRIFT	samples/서울특별시/2016/extract-data-004646.hwp	서울특별시	2016	hwp	amount	2	3	
u_extract_data-004647	extract-data	kind	KIND_UNKNOWN	samples/경기도/2016/extract-data-004647.hwpx	경기도	2016	hwpx	token	3	3	
u_extract_data-004648	extract-data	kind	KIND_OK	samples/부산광역시/2016/extract-data-004648.hwp	부산광역시	2016	hwp	date	4	4	
u_extract_data-004649	extract-data	kind	KIND_OK	samples/제주특별자치도/2016/extract-data-004649.hwpx	제주특별자치도	2016	hwpx	amount	5	5	
u_extract_data-004650	extract-data	kind	KIND_OK	samples/법제처/2017/extract-data-004650.hwp	법제처	2017	hwp	number	6	6	
u_extract_data-004651	extract-data	kind	KIND_OK	samples/행정안전부/2017/extract-data-004651.hwpx	행정안전부	2017	hwpx	all	7	7	
u_extract_data-004652	extract-data	kind	KIND_OK	samples/국세청/2017/extract-data-004652.hwp	국세청	2017	hwp	date	8	8	
u_extract_data-004653	extract-data	kind	COUNT_DRIFT	samples/대법원/2017/extract-data-004653.hwpx	대법원	2017	hwpx	amount	9	10	
u_extract_data-004654	extract-data	kind	KIND_UNKNOWN	samples/특허청/2017/extract-data-004654.hwp	특허청	2017	hwp	token	10	10	
u_extract_data-004655	extract-data	kind	KIND_OK	samples/교육부/2017/extract-data-004655.hwpx	교육부	2017	hwpx	date	11	11	
u_extract_data-004656	extract-data	kind	KIND_OK	samples/보건복지부/2017/extract-data-004656.hwp	보건복지부	2017	hwp	amount	0	0	
u_extract_data-004657	extract-data	kind	KIND_OK	samples/국토교통부/2017/extract-data-004657.hwpx	국토교통부	2017	hwpx	number	1	1	
u_extract_data-004658	extract-data	kind	KIND_OK	samples/고용노동부/2017/extract-data-004658.hwp	고용노동부	2017	hwp	all	2	2	
u_extract_data-004659	extract-data	kind	KIND_OK	samples/외교부/2017/extract-data-004659.hwpx	외교부	2017	hwpx	date	3	3	
u_extract_data-004660	extract-data	kind	COUNT_DRIFT	samples/기획재정부/2017/extract-data-004660.hwp	기획재정부	2017	hwp	amount	4	5	
u_extract_data-004661	extract-data	kind	KIND_UNKNOWN	samples/공정거래위원회/2017/extract-data-004661.hwpx	공정거래위원회	2017	hwpx	token	5	5	
u_extract_data-004662	extract-data	kind	KIND_OK	samples/금융위원회/2017/extract-data-004662.hwp	금융위원회	2017	hwp	date	6	6	
u_extract_data-004663	extract-data	kind	KIND_OK	samples/통계청/2017/extract-data-004663.hwpx	통계청	2017	hwpx	amount	7	7	
u_extract_data-004664	extract-data	kind	KIND_OK	samples/기상청/2017/extract-data-004664.hwp	기상청	2017	hwp	number	8	8	
u_extract_data-004665	extract-data	kind	KIND_OK	samples/관세청/2017/extract-data-004665.hwpx	관세청	2017	hwpx	all	9	9	
u_extract_data-004666	extract-data	kind	KIND_OK	samples/검찰청/2017/extract-data-004666.hwp	검찰청	2017	hwp	date	10	10	
u_extract_data-004667	extract-data	kind	COUNT_DRIFT	samples/경찰청/2017/extract-data-004667.hwpx	경찰청	2017	hwpx	amount	11	12	
u_extract_data-004668	extract-data	kind	KIND_UNKNOWN	samples/소방청/2017/extract-data-004668.hwp	소방청	2017	hwp	token	0	0	
u_extract_data-004669	extract-data	kind	KIND_OK	samples/병무청/2017/extract-data-004669.hwpx	병무청	2017	hwpx	date	1	1	
u_extract_data-004670	extract-data	kind	KIND_OK	samples/산림청/2017/extract-data-004670.hwp	산림청	2017	hwp	amount	2	2	
u_extract_data-004671	extract-data	kind	KIND_OK	samples/중소벤처기업부/2017/extract-data-004671.hwpx	중소벤처기업부	2017	hwpx	number	3	3	
u_extract_data-004672	extract-data	kind	KIND_OK	samples/과학기술정보통신부/2017/extract-data-004672.hwp	과학기술정보통신부	2017	hwp	all	4	4	
u_extract_data-004673	extract-data	kind	KIND_OK	samples/문화체육관광부/2017/extract-data-004673.hwpx	문화체육관광부	2017	hwpx	date	5	5	
u_extract_data-004674	extract-data	kind	COUNT_DRIFT	samples/환경부/2017/extract-data-004674.hwp	환경부	2017	hwp	amount	6	7	
u_extract_data-004675	extract-data	kind	KIND_UNKNOWN	samples/해양수산부/2017/extract-data-004675.hwpx	해양수산부	2017	hwpx	token	7	7	
u_extract_data-004676	extract-data	kind	KIND_OK	samples/서울특별시/2017/extract-data-004676.hwp	서울특별시	2017	hwp	date	8	8	
u_extract_data-004677	extract-data	kind	KIND_OK	samples/경기도/2017/extract-data-004677.hwpx	경기도	2017	hwpx	amount	9	9	
u_extract_data-004678	extract-data	kind	KIND_OK	samples/부산광역시/2017/extract-data-004678.hwp	부산광역시	2017	hwp	number	10	10	
u_extract_data-004679	extract-data	kind	KIND_OK	samples/제주특별자치도/2017/extract-data-004679.hwpx	제주특별자치도	2017	hwpx	all	11	11	
u_extract_data-004680	extract-data	kind	KIND_OK	samples/법제처/2018/extract-data-004680.hwp	법제처	2018	hwp	date	0	0	
u_extract_data-004681	extract-data	kind	COUNT_DRIFT	samples/행정안전부/2018/extract-data-004681.hwpx	행정안전부	2018	hwpx	amount	1	2	
u_extract_data-004682	extract-data	kind	KIND_UNKNOWN	samples/국세청/2018/extract-data-004682.hwp	국세청	2018	hwp	token	2	2	
u_extract_data-004683	extract-data	kind	KIND_OK	samples/대법원/2018/extract-data-004683.hwpx	대법원	2018	hwpx	date	3	3	
u_extract_data-004684	extract-data	kind	KIND_OK	samples/특허청/2018/extract-data-004684.hwp	특허청	2018	hwp	amount	4	4	
u_extract_data-004685	extract-data	kind	KIND_OK	samples/교육부/2018/extract-data-004685.hwpx	교육부	2018	hwpx	number	5	5	
u_extract_data-004686	extract-data	kind	KIND_OK	samples/보건복지부/2018/extract-data-004686.hwp	보건복지부	2018	hwp	all	6	6	
u_extract_data-004687	extract-data	kind	KIND_OK	samples/국토교통부/2018/extract-data-004687.hwpx	국토교통부	2018	hwpx	date	7	7	
u_extract_data-004688	extract-data	kind	COUNT_DRIFT	samples/고용노동부/2018/extract-data-004688.hwp	고용노동부	2018	hwp	amount	8	9	
u_extract_data-004689	extract-data	kind	KIND_UNKNOWN	samples/외교부/2018/extract-data-004689.hwpx	외교부	2018	hwpx	token	9	9	
u_extract_data-004690	extract-data	kind	KIND_OK	samples/기획재정부/2018/extract-data-004690.hwp	기획재정부	2018	hwp	date	10	10	
u_extract_data-004691	extract-data	kind	KIND_OK	samples/공정거래위원회/2018/extract-data-004691.hwpx	공정거래위원회	2018	hwpx	amount	11	11	
u_extract_data-004692	extract-data	kind	KIND_OK	samples/금융위원회/2018/extract-data-004692.hwp	금융위원회	2018	hwp	number	0	0	
u_extract_data-004693	extract-data	kind	KIND_OK	samples/통계청/2018/extract-data-004693.hwpx	통계청	2018	hwpx	all	1	1	
u_extract_data-004694	extract-data	kind	KIND_OK	samples/기상청/2018/extract-data-004694.hwp	기상청	2018	hwp	date	2	2	
u_extract_data-004695	extract-data	kind	COUNT_DRIFT	samples/관세청/2018/extract-data-004695.hwpx	관세청	2018	hwpx	amount	3	4	
u_extract_data-004696	extract-data	kind	KIND_UNKNOWN	samples/검찰청/2018/extract-data-004696.hwp	검찰청	2018	hwp	token	4	4	
u_extract_data-004697	extract-data	kind	KIND_OK	samples/경찰청/2018/extract-data-004697.hwpx	경찰청	2018	hwpx	date	5	5	
u_extract_data-004698	extract-data	kind	KIND_OK	samples/소방청/2018/extract-data-004698.hwp	소방청	2018	hwp	amount	6	6	
u_extract_data-004699	extract-data	kind	KIND_OK	samples/병무청/2018/extract-data-004699.hwpx	병무청	2018	hwpx	number	7	7	
u_extract_data-004700	extract-data	kind	KIND_OK	samples/산림청/2018/extract-data-004700.hwp	산림청	2018	hwp	all	8	8	
u_extract_data-004701	extract-data	kind	KIND_OK	samples/중소벤처기업부/2018/extract-data-004701.hwpx	중소벤처기업부	2018	hwpx	date	9	9	
u_extract_data-004702	extract-data	kind	COUNT_DRIFT	samples/과학기술정보통신부/2018/extract-data-004702.hwp	과학기술정보통신부	2018	hwp	amount	10	11	
u_extract_data-004703	extract-data	kind	KIND_UNKNOWN	samples/문화체육관광부/2018/extract-data-004703.hwpx	문화체육관광부	2018	hwpx	token	11	11	
u_extract_data-004704	extract-data	kind	KIND_OK	samples/환경부/2018/extract-data-004704.hwp	환경부	2018	hwp	date	0	0	
u_extract_data-004705	extract-data	kind	KIND_OK	samples/해양수산부/2018/extract-data-004705.hwpx	해양수산부	2018	hwpx	amount	1	1	
u_extract_data-004706	extract-data	kind	KIND_OK	samples/서울특별시/2018/extract-data-004706.hwp	서울특별시	2018	hwp	number	2	2	
u_extract_data-004707	extract-data	kind	KIND_OK	samples/경기도/2018/extract-data-004707.hwpx	경기도	2018	hwpx	all	3	3	
u_extract_data-004708	extract-data	kind	KIND_OK	samples/부산광역시/2018/extract-data-004708.hwp	부산광역시	2018	hwp	date	4	4	
u_extract_data-004709	extract-data	kind	COUNT_DRIFT	samples/제주특별자치도/2018/extract-data-004709.hwpx	제주특별자치도	2018	hwpx	amount	5	6	
u_extract_data-004710	extract-data	kind	KIND_UNKNOWN	samples/법제처/2019/extract-data-004710.hwp	법제처	2019	hwp	token	6	6	
u_extract_data-004711	extract-data	kind	KIND_OK	samples/행정안전부/2019/extract-data-004711.hwpx	행정안전부	2019	hwpx	date	7	7	
u_extract_data-004712	extract-data	kind	KIND_OK	samples/국세청/2019/extract-data-004712.hwp	국세청	2019	hwp	amount	8	8	
u_extract_data-004713	extract-data	kind	KIND_OK	samples/대법원/2019/extract-data-004713.hwpx	대법원	2019	hwpx	number	9	9	
u_extract_data-004714	extract-data	kind	KIND_OK	samples/특허청/2019/extract-data-004714.hwp	특허청	2019	hwp	all	10	10	
u_extract_data-004715	extract-data	kind	KIND_OK	samples/교육부/2019/extract-data-004715.hwpx	교육부	2019	hwpx	date	11	11	
u_extract_data-004716	extract-data	kind	COUNT_DRIFT	samples/보건복지부/2019/extract-data-004716.hwp	보건복지부	2019	hwp	amount	0	1	
u_extract_data-004717	extract-data	kind	KIND_UNKNOWN	samples/국토교통부/2019/extract-data-004717.hwpx	국토교통부	2019	hwpx	token	1	1	
u_extract_data-004718	extract-data	kind	KIND_OK	samples/고용노동부/2019/extract-data-004718.hwp	고용노동부	2019	hwp	date	2	2	
u_extract_data-004719	extract-data	kind	KIND_OK	samples/외교부/2019/extract-data-004719.hwpx	외교부	2019	hwpx	amount	3	3	
u_extract_data-004720	extract-data	kind	KIND_OK	samples/기획재정부/2019/extract-data-004720.hwp	기획재정부	2019	hwp	number	4	4	
u_extract_data-004721	extract-data	kind	KIND_OK	samples/공정거래위원회/2019/extract-data-004721.hwpx	공정거래위원회	2019	hwpx	all	5	5	
u_extract_data-004722	extract-data	kind	KIND_OK	samples/금융위원회/2019/extract-data-004722.hwp	금융위원회	2019	hwp	date	6	6	
u_extract_data-004723	extract-data	kind	COUNT_DRIFT	samples/통계청/2019/extract-data-004723.hwpx	통계청	2019	hwpx	amount	7	8	
u_extract_data-004724	extract-data	kind	KIND_UNKNOWN	samples/기상청/2019/extract-data-004724.hwp	기상청	2019	hwp	token	8	8	
u_extract_data-004725	extract-data	kind	KIND_OK	samples/관세청/2019/extract-data-004725.hwpx	관세청	2019	hwpx	date	9	9	
u_extract_data-004726	extract-data	kind	KIND_OK	samples/검찰청/2019/extract-data-004726.hwp	검찰청	2019	hwp	amount	10	10	
u_extract_data-004727	extract-data	kind	KIND_OK	samples/경찰청/2019/extract-data-004727.hwpx	경찰청	2019	hwpx	number	11	11	
u_extract_data-004728	extract-data	kind	KIND_OK	samples/소방청/2019/extract-data-004728.hwp	소방청	2019	hwp	all	0	0	
u_extract_data-004729	extract-data	kind	KIND_OK	samples/병무청/2019/extract-data-004729.hwpx	병무청	2019	hwpx	date	1	1	
u_extract_data-004730	extract-data	kind	COUNT_DRIFT	samples/산림청/2019/extract-data-004730.hwp	산림청	2019	hwp	amount	2	3	
u_extract_data-004731	extract-data	kind	KIND_UNKNOWN	samples/중소벤처기업부/2019/extract-data-004731.hwpx	중소벤처기업부	2019	hwpx	token	3	3	
u_extract_data-004732	extract-data	kind	KIND_OK	samples/과학기술정보통신부/2019/extract-data-004732.hwp	과학기술정보통신부	2019	hwp	date	4	4	
u_extract_data-004733	extract-data	kind	KIND_OK	samples/문화체육관광부/2019/extract-data-004733.hwpx	문화체육관광부	2019	hwpx	amount	5	5	
u_extract_data-004734	extract-data	kind	KIND_OK	samples/환경부/2019/extract-data-004734.hwp	환경부	2019	hwp	number	6	6	
u_extract_data-004735	extract-data	kind	KIND_OK	samples/해양수산부/2019/extract-data-004735.hwpx	해양수산부	2019	hwpx	all	7	7	
u_extract_data-004736	extract-data	kind	KIND_OK	samples/서울특별시/2019/extract-data-004736.hwp	서울특별시	2019	hwp	date	8	8	
u_extract_data-004737	extract-data	kind	COUNT_DRIFT	samples/경기도/2019/extract-data-004737.hwpx	경기도	2019	hwpx	amount	9	10	
u_extract_data-004738	extract-data	kind	KIND_UNKNOWN	samples/부산광역시/2019/extract-data-004738.hwp	부산광역시	2019	hwp	token	10	10	
u_extract_data-004739	extract-data	kind	KIND_OK	samples/제주특별자치도/2019/extract-data-004739.hwpx	제주특별자치도	2019	hwpx	date	11	11	
u_extract_data-004740	extract-data	kind	KIND_OK	samples/법제처/2020/extract-data-004740.hwp	법제처	2020	hwp	amount	0	0	
u_extract_data-004741	extract-data	kind	KIND_OK	samples/행정안전부/2020/extract-data-004741.hwpx	행정안전부	2020	hwpx	number	1	1	
u_extract_data-004742	extract-data	kind	KIND_OK	samples/국세청/2020/extract-data-004742.hwp	국세청	2020	hwp	all	2	2	
u_extract_data-004743	extract-data	kind	KIND_OK	samples/대법원/2020/extract-data-004743.hwpx	대법원	2020	hwpx	date	3	3	
u_extract_data-004744	extract-data	kind	COUNT_DRIFT	samples/특허청/2020/extract-data-004744.hwp	특허청	2020	hwp	amount	4	5	
u_extract_data-004745	extract-data	kind	KIND_UNKNOWN	samples/교육부/2020/extract-data-004745.hwpx	교육부	2020	hwpx	token	5	5	
u_extract_data-004746	extract-data	kind	KIND_OK	samples/보건복지부/2020/extract-data-004746.hwp	보건복지부	2020	hwp	date	6	6	
u_extract_data-004747	extract-data	kind	KIND_OK	samples/국토교통부/2020/extract-data-004747.hwpx	국토교통부	2020	hwpx	amount	7	7	
u_extract_data-004748	extract-data	kind	KIND_OK	samples/고용노동부/2020/extract-data-004748.hwp	고용노동부	2020	hwp	number	8	8	
u_extract_data-004749	extract-data	kind	KIND_OK	samples/외교부/2020/extract-data-004749.hwpx	외교부	2020	hwpx	all	9	9	
u_extract_data-004750	extract-data	kind	KIND_OK	samples/기획재정부/2020/extract-data-004750.hwp	기획재정부	2020	hwp	date	10	10	
u_extract_data-004751	extract-data	kind	COUNT_DRIFT	samples/공정거래위원회/2020/extract-data-004751.hwpx	공정거래위원회	2020	hwpx	amount	11	12	
u_extract_data-004752	extract-data	kind	KIND_UNKNOWN	samples/금융위원회/2020/extract-data-004752.hwp	금융위원회	2020	hwp	token	0	0	
u_extract_data-004753	extract-data	kind	KIND_OK	samples/통계청/2020/extract-data-004753.hwpx	통계청	2020	hwpx	date	1	1	
u_extract_data-004754	extract-data	kind	KIND_OK	samples/기상청/2020/extract-data-004754.hwp	기상청	2020	hwp	amount	2	2	
u_extract_data-004755	extract-data	kind	KIND_OK	samples/관세청/2020/extract-data-004755.hwpx	관세청	2020	hwpx	number	3	3	
u_extract_data-004756	extract-data	kind	KIND_OK	samples/검찰청/2020/extract-data-004756.hwp	검찰청	2020	hwp	all	4	4	
u_extract_data-004757	extract-data	kind	KIND_OK	samples/경찰청/2020/extract-data-004757.hwpx	경찰청	2020	hwpx	date	5	5	
u_extract_data-004758	extract-data	kind	COUNT_DRIFT	samples/소방청/2020/extract-data-004758.hwp	소방청	2020	hwp	amount	6	7	
u_extract_data-004759	extract-data	kind	KIND_UNKNOWN	samples/병무청/2020/extract-data-004759.hwpx	병무청	2020	hwpx	token	7	7	
u_extract_data-004760	extract-data	kind	KIND_OK	samples/산림청/2020/extract-data-004760.hwp	산림청	2020	hwp	date	8	8	
u_extract_data-004761	extract-data	kind	KIND_OK	samples/중소벤처기업부/2020/extract-data-004761.hwpx	중소벤처기업부	2020	hwpx	amount	9	9	
u_extract_data-004762	extract-data	kind	KIND_OK	samples/과학기술정보통신부/2020/extract-data-004762.hwp	과학기술정보통신부	2020	hwp	number	10	10	
u_extract_data-004763	extract-data	kind	KIND_OK	samples/문화체육관광부/2020/extract-data-004763.hwpx	문화체육관광부	2020	hwpx	all	11	11	
u_extract_data-004764	extract-data	kind	KIND_OK	samples/환경부/2020/extract-data-004764.hwp	환경부	2020	hwp	date	0	0	
u_extract_data-004765	extract-data	kind	COUNT_DRIFT	samples/해양수산부/2020/extract-data-004765.hwpx	해양수산부	2020	hwpx	amount	1	2	
u_extract_data-004766	extract-data	kind	KIND_UNKNOWN	samples/서울특별시/2020/extract-data-004766.hwp	서울특별시	2020	hwp	token	2	2	
u_extract_data-004767	extract-data	kind	KIND_OK	samples/경기도/2020/extract-data-004767.hwpx	경기도	2020	hwpx	date	3	3	
u_extract_data-004768	extract-data	kind	KIND_OK	samples/부산광역시/2020/extract-data-004768.hwp	부산광역시	2020	hwp	amount	4	4	
u_extract_data-004769	extract-data	kind	KIND_OK	samples/제주특별자치도/2020/extract-data-004769.hwpx	제주특별자치도	2020	hwpx	number	5	5	
u_extract_data-004770	extract-data	kind	KIND_OK	samples/법제처/2021/extract-data-004770.hwp	법제처	2021	hwp	all	6	6	
u_extract_data-004771	extract-data	kind	KIND_OK	samples/행정안전부/2021/extract-data-004771.hwpx	행정안전부	2021	hwpx	date	7	7	
u_extract_data-004772	extract-data	kind	COUNT_DRIFT	samples/국세청/2021/extract-data-004772.hwp	국세청	2021	hwp	amount	8	9	
u_extract_data-004773	extract-data	kind	KIND_UNKNOWN	samples/대법원/2021/extract-data-004773.hwpx	대법원	2021	hwpx	token	9	9	
u_extract_data-004774	extract-data	kind	KIND_OK	samples/특허청/2021/extract-data-004774.hwp	특허청	2021	hwp	date	10	10	
u_extract_data-004775	extract-data	kind	KIND_OK	samples/교육부/2021/extract-data-004775.hwpx	교육부	2021	hwpx	amount	11	11	
u_extract_data-004776	extract-data	kind	KIND_OK	samples/보건복지부/2021/extract-data-004776.hwp	보건복지부	2021	hwp	number	0	0	
u_extract_data-004777	extract-data	kind	KIND_OK	samples/국토교통부/2021/extract-data-004777.hwpx	국토교통부	2021	hwpx	all	1	1	
u_extract_data-004778	extract-data	kind	KIND_OK	samples/고용노동부/2021/extract-data-004778.hwp	고용노동부	2021	hwp	date	2	2	
u_extract_data-004779	extract-data	kind	COUNT_DRIFT	samples/외교부/2021/extract-data-004779.hwpx	외교부	2021	hwpx	amount	3	4	
u_extract_data-004780	extract-data	kind	KIND_UNKNOWN	samples/기획재정부/2021/extract-data-004780.hwp	기획재정부	2021	hwp	token	4	4	
u_extract_data-004781	extract-data	kind	KIND_OK	samples/공정거래위원회/2021/extract-data-004781.hwpx	공정거래위원회	2021	hwpx	date	5	5	
u_extract_data-004782	extract-data	kind	KIND_OK	samples/금융위원회/2021/extract-data-004782.hwp	금융위원회	2021	hwp	amount	6	6	
u_extract_data-004783	extract-data	kind	KIND_OK	samples/통계청/2021/extract-data-004783.hwpx	통계청	2021	hwpx	number	7	7	
u_extract_data-004784	extract-data	kind	KIND_OK	samples/기상청/2021/extract-data-004784.hwp	기상청	2021	hwp	all	8	8	
u_extract_data-004785	extract-data	kind	KIND_OK	samples/관세청/2021/extract-data-004785.hwpx	관세청	2021	hwpx	date	9	9	
u_extract_data-004786	extract-data	kind	COUNT_DRIFT	samples/검찰청/2021/extract-data-004786.hwp	검찰청	2021	hwp	amount	10	11	
u_extract_data-004787	extract-data	kind	KIND_UNKNOWN	samples/경찰청/2021/extract-data-004787.hwpx	경찰청	2021	hwpx	token	11	11	
u_extract_data-004788	extract-data	kind	KIND_OK	samples/소방청/2021/extract-data-004788.hwp	소방청	2021	hwp	date	0	0	
u_extract_data-004789	extract-data	kind	KIND_OK	samples/병무청/2021/extract-data-004789.hwpx	병무청	2021	hwpx	amount	1	1	
u_extract_data-004790	extract-data	kind	KIND_OK	samples/산림청/2021/extract-data-004790.hwp	산림청	2021	hwp	number	2	2	
u_extract_data-004791	extract-data	kind	KIND_OK	samples/중소벤처기업부/2021/extract-data-004791.hwpx	중소벤처기업부	2021	hwpx	all	3	3	
u_extract_data-004792	extract-data	kind	KIND_OK	samples/과학기술정보통신부/2021/extract-data-004792.hwp	과학기술정보통신부	2021	hwp	date	4	4	
u_extract_data-004793	extract-data	kind	COUNT_DRIFT	samples/문화체육관광부/2021/extract-data-004793.hwpx	문화체육관광부	2021	hwpx	amount	5	6	
u_extract_data-004794	extract-data	kind	KIND_UNKNOWN	samples/환경부/2021/extract-data-004794.hwp	환경부	2021	hwp	token	6	6	
u_extract_data-004795	extract-data	kind	KIND_OK	samples/해양수산부/2021/extract-data-004795.hwpx	해양수산부	2021	hwpx	date	7	7	
u_extract_data-004796	extract-data	kind	KIND_OK	samples/서울특별시/2021/extract-data-004796.hwp	서울특별시	2021	hwp	amount	8	8	
u_extract_data-004797	extract-data	kind	KIND_OK	samples/경기도/2021/extract-data-004797.hwpx	경기도	2021	hwpx	number	9	9	
u_extract_data-004798	extract-data	kind	KIND_OK	samples/부산광역시/2021/extract-data-004798.hwp	부산광역시	2021	hwp	all	10	10	
u_extract_data-004799	extract-data	kind	KIND_OK	samples/제주특별자치도/2021/extract-data-004799.hwpx	제주특별자치도	2021	hwpx	date	11	11	
u_extract_data-004800	extract-data	kind	COUNT_DRIFT	samples/법제처/2022/extract-data-004800.hwp	법제처	2022	hwp	amount	0	1	
u_extract_data-004801	extract-data	kind	KIND_UNKNOWN	samples/행정안전부/2022/extract-data-004801.hwpx	행정안전부	2022	hwpx	token	1	1	
u_extract_data-004802	extract-data	kind	KIND_OK	samples/국세청/2022/extract-data-004802.hwp	국세청	2022	hwp	date	2	2	
u_extract_data-004803	extract-data	kind	KIND_OK	samples/대법원/2022/extract-data-004803.hwpx	대법원	2022	hwpx	amount	3	3	
u_extract_data-004804	extract-data	kind	KIND_OK	samples/특허청/2022/extract-data-004804.hwp	특허청	2022	hwp	number	4	4	
u_extract_data-004805	extract-data	kind	KIND_OK	samples/교육부/2022/extract-data-004805.hwpx	교육부	2022	hwpx	all	5	5	
u_extract_data-004806	extract-data	kind	KIND_OK	samples/보건복지부/2022/extract-data-004806.hwp	보건복지부	2022	hwp	date	6	6	
u_extract_data-004807	extract-data	kind	COUNT_DRIFT	samples/국토교통부/2022/extract-data-004807.hwpx	국토교통부	2022	hwpx	amount	7	8	
u_extract_data-004808	extract-data	kind	KIND_UNKNOWN	samples/고용노동부/2022/extract-data-004808.hwp	고용노동부	2022	hwp	token	8	8	
u_extract_data-004809	extract-data	kind	KIND_OK	samples/외교부/2022/extract-data-004809.hwpx	외교부	2022	hwpx	date	9	9	
u_extract_data-004810	extract-data	kind	KIND_OK	samples/기획재정부/2022/extract-data-004810.hwp	기획재정부	2022	hwp	amount	10	10	
u_extract_data-004811	extract-data	kind	KIND_OK	samples/공정거래위원회/2022/extract-data-004811.hwpx	공정거래위원회	2022	hwpx	number	11	11	
u_extract_data-004812	extract-data	kind	KIND_OK	samples/금융위원회/2022/extract-data-004812.hwp	금융위원회	2022	hwp	all	0	0	
u_extract_data-004813	extract-data	kind	KIND_OK	samples/통계청/2022/extract-data-004813.hwpx	통계청	2022	hwpx	date	1	1	
u_extract_data-004814	extract-data	kind	COUNT_DRIFT	samples/기상청/2022/extract-data-004814.hwp	기상청	2022	hwp	amount	2	3	
u_extract_data-004815	extract-data	kind	KIND_UNKNOWN	samples/관세청/2022/extract-data-004815.hwpx	관세청	2022	hwpx	token	3	3	
u_extract_data-004816	extract-data	kind	KIND_OK	samples/검찰청/2022/extract-data-004816.hwp	검찰청	2022	hwp	date	4	4	
u_extract_data-004817	extract-data	kind	KIND_OK	samples/경찰청/2022/extract-data-004817.hwpx	경찰청	2022	hwpx	amount	5	5	
u_extract_data-004818	extract-data	kind	KIND_OK	samples/소방청/2022/extract-data-004818.hwp	소방청	2022	hwp	number	6	6	
u_extract_data-004819	extract-data	kind	KIND_OK	samples/병무청/2022/extract-data-004819.hwpx	병무청	2022	hwpx	all	7	7	
u_extract_data-004820	extract-data	kind	KIND_OK	samples/산림청/2022/extract-data-004820.hwp	산림청	2022	hwp	date	8	8	
u_extract_data-004821	extract-data	kind	COUNT_DRIFT	samples/중소벤처기업부/2022/extract-data-004821.hwpx	중소벤처기업부	2022	hwpx	amount	9	10	
u_extract_data-004822	extract-data	kind	KIND_UNKNOWN	samples/과학기술정보통신부/2022/extract-data-004822.hwp	과학기술정보통신부	2022	hwp	token	10	10	
u_extract_data-004823	extract-data	kind	KIND_OK	samples/문화체육관광부/2022/extract-data-004823.hwpx	문화체육관광부	2022	hwpx	date	11	11	
u_extract_data-004824	extract-data	kind	KIND_OK	samples/환경부/2022/extract-data-004824.hwp	환경부	2022	hwp	amount	0	0	
u_extract_data-004825	extract-data	kind	KIND_OK	samples/해양수산부/2022/extract-data-004825.hwpx	해양수산부	2022	hwpx	number	1	1	
u_extract_data-004826	extract-data	kind	KIND_OK	samples/서울특별시/2022/extract-data-004826.hwp	서울특별시	2022	hwp	all	2	2	
u_extract_data-004827	extract-data	kind	KIND_OK	samples/경기도/2022/extract-data-004827.hwpx	경기도	2022	hwpx	date	3	3	
u_extract_data-004828	extract-data	kind	COUNT_DRIFT	samples/부산광역시/2022/extract-data-004828.hwp	부산광역시	2022	hwp	amount	4	5	
u_extract_data-004829	extract-data	kind	KIND_UNKNOWN	samples/제주특별자치도/2022/extract-data-004829.hwpx	제주특별자치도	2022	hwpx	token	5	5	
u_extract_data-004830	extract-data	kind	KIND_OK	samples/법제처/2023/extract-data-004830.hwp	법제처	2023	hwp	date	6	6	
u_extract_data-004831	extract-data	kind	KIND_OK	samples/행정안전부/2023/extract-data-004831.hwpx	행정안전부	2023	hwpx	amount	7	7	
u_extract_data-004832	extract-data	kind	KIND_OK	samples/국세청/2023/extract-data-004832.hwp	국세청	2023	hwp	number	8	8	
u_extract_data-004833	extract-data	kind	KIND_OK	samples/대법원/2023/extract-data-004833.hwpx	대법원	2023	hwpx	all	9	9	
u_extract_data-004834	extract-data	kind	KIND_OK	samples/특허청/2023/extract-data-004834.hwp	특허청	2023	hwp	date	10	10	
u_extract_data-004835	extract-data	kind	COUNT_DRIFT	samples/교육부/2023/extract-data-004835.hwpx	교육부	2023	hwpx	amount	11	12	
u_extract_data-004836	extract-data	kind	KIND_UNKNOWN	samples/보건복지부/2023/extract-data-004836.hwp	보건복지부	2023	hwp	token	0	0	
u_extract_data-004837	extract-data	kind	KIND_OK	samples/국토교통부/2023/extract-data-004837.hwpx	국토교통부	2023	hwpx	date	1	1	
u_extract_data-004838	extract-data	kind	KIND_OK	samples/고용노동부/2023/extract-data-004838.hwp	고용노동부	2023	hwp	amount	2	2	
u_extract_data-004839	extract-data	kind	KIND_OK	samples/외교부/2023/extract-data-004839.hwpx	외교부	2023	hwpx	number	3	3	
u_extract_data-004840	extract-data	kind	KIND_OK	samples/기획재정부/2023/extract-data-004840.hwp	기획재정부	2023	hwp	all	4	4	
u_extract_data-004841	extract-data	kind	KIND_OK	samples/공정거래위원회/2023/extract-data-004841.hwpx	공정거래위원회	2023	hwpx	date	5	5	
u_extract_data-004842	extract-data	kind	COUNT_DRIFT	samples/금융위원회/2023/extract-data-004842.hwp	금융위원회	2023	hwp	amount	6	7	
u_extract_data-004843	extract-data	kind	KIND_UNKNOWN	samples/통계청/2023/extract-data-004843.hwpx	통계청	2023	hwpx	token	7	7	
u_extract_data-004844	extract-data	kind	KIND_OK	samples/기상청/2023/extract-data-004844.hwp	기상청	2023	hwp	date	8	8	
u_extract_data-004845	extract-data	kind	KIND_OK	samples/관세청/2023/extract-data-004845.hwpx	관세청	2023	hwpx	amount	9	9	
u_extract_data-004846	extract-data	kind	KIND_OK	samples/검찰청/2023/extract-data-004846.hwp	검찰청	2023	hwp	number	10	10	
u_extract_data-004847	extract-data	kind	KIND_OK	samples/경찰청/2023/extract-data-004847.hwpx	경찰청	2023	hwpx	all	11	11	
u_extract_data-004848	extract-data	kind	KIND_OK	samples/소방청/2023/extract-data-004848.hwp	소방청	2023	hwp	date	0	0	
u_extract_data-004849	extract-data	kind	COUNT_DRIFT	samples/병무청/2023/extract-data-004849.hwpx	병무청	2023	hwpx	amount	1	2	
u_extract_data-004850	extract-data	kind	KIND_UNKNOWN	samples/산림청/2023/extract-data-004850.hwp	산림청	2023	hwp	token	2	2	
u_extract_data-004851	extract-data	kind	KIND_OK	samples/중소벤처기업부/2023/extract-data-004851.hwpx	중소벤처기업부	2023	hwpx	date	3	3	
u_extract_data-004852	extract-data	kind	KIND_OK	samples/과학기술정보통신부/2023/extract-data-004852.hwp	과학기술정보통신부	2023	hwp	amount	4	4	
u_extract_data-004853	extract-data	kind	KIND_OK	samples/문화체육관광부/2023/extract-data-004853.hwpx	문화체육관광부	2023	hwpx	number	5	5	
u_extract_data-004854	extract-data	kind	KIND_OK	samples/환경부/2023/extract-data-004854.hwp	환경부	2023	hwp	all	6	6	
u_extract_data-004855	extract-data	kind	KIND_OK	samples/해양수산부/2023/extract-data-004855.hwpx	해양수산부	2023	hwpx	date	7	7	
u_extract_data-004856	extract-data	kind	COUNT_DRIFT	samples/서울특별시/2023/extract-data-004856.hwp	서울특별시	2023	hwp	amount	8	9	
u_extract_data-004857	extract-data	kind	KIND_UNKNOWN	samples/경기도/2023/extract-data-004857.hwpx	경기도	2023	hwpx	token	9	9	
u_extract_data-004858	extract-data	kind	KIND_OK	samples/부산광역시/2023/extract-data-004858.hwp	부산광역시	2023	hwp	date	10	10	
u_extract_data-004859	extract-data	kind	KIND_OK	samples/제주특별자치도/2023/extract-data-004859.hwpx	제주특별자치도	2023	hwpx	amount	11	11	
u_extract_data-004860	extract-data	kind	KIND_OK	samples/법제처/2024/extract-data-004860.hwp	법제처	2024	hwp	number	0	0	
u_extract_data-004861	extract-data	kind	KIND_OK	samples/행정안전부/2024/extract-data-004861.hwpx	행정안전부	2024	hwpx	all	1	1	
u_extract_data-004862	extract-data	kind	KIND_OK	samples/국세청/2024/extract-data-004862.hwp	국세청	2024	hwp	date	2	2	
u_extract_data-004863	extract-data	kind	COUNT_DRIFT	samples/대법원/2024/extract-data-004863.hwpx	대법원	2024	hwpx	amount	3	4	
u_extract_data-004864	extract-data	kind	KIND_UNKNOWN	samples/특허청/2024/extract-data-004864.hwp	특허청	2024	hwp	token	4	4	
u_extract_data-004865	extract-data	kind	KIND_OK	samples/교육부/2024/extract-data-004865.hwpx	교육부	2024	hwpx	date	5	5	
u_extract_data-004866	extract-data	kind	KIND_OK	samples/보건복지부/2024/extract-data-004866.hwp	보건복지부	2024	hwp	amount	6	6	
u_extract_data-004867	extract-data	kind	KIND_OK	samples/국토교통부/2024/extract-data-004867.hwpx	국토교통부	2024	hwpx	number	7	7	
u_extract_data-004868	extract-data	kind	KIND_OK	samples/고용노동부/2024/extract-data-004868.hwp	고용노동부	2024	hwp	all	8	8	
u_extract_data-004869	extract-data	kind	KIND_OK	samples/외교부/2024/extract-data-004869.hwpx	외교부	2024	hwpx	date	9	9	
u_extract_data-004870	extract-data	kind	COUNT_DRIFT	samples/기획재정부/2024/extract-data-004870.hwp	기획재정부	2024	hwp	amount	10	11	
u_extract_data-004871	extract-data	kind	KIND_UNKNOWN	samples/공정거래위원회/2024/extract-data-004871.hwpx	공정거래위원회	2024	hwpx	token	11	11	
u_extract_data-004872	extract-data	kind	KIND_OK	samples/금융위원회/2024/extract-data-004872.hwp	금융위원회	2024	hwp	date	0	0	
u_extract_data-004873	extract-data	kind	KIND_OK	samples/통계청/2024/extract-data-004873.hwpx	통계청	2024	hwpx	amount	1	1	
u_extract_data-004874	extract-data	kind	KIND_OK	samples/기상청/2024/extract-data-004874.hwp	기상청	2024	hwp	number	2	2	
u_extract_data-004875	extract-data	kind	KIND_OK	samples/관세청/2024/extract-data-004875.hwpx	관세청	2024	hwpx	all	3	3	
u_extract_data-004876	extract-data	kind	KIND_OK	samples/검찰청/2024/extract-data-004876.hwp	검찰청	2024	hwp	date	4	4	
u_extract_data-004877	extract-data	kind	COUNT_DRIFT	samples/경찰청/2024/extract-data-004877.hwpx	경찰청	2024	hwpx	amount	5	6	
u_extract_data-004878	extract-data	kind	KIND_UNKNOWN	samples/소방청/2024/extract-data-004878.hwp	소방청	2024	hwp	token	6	6	
u_extract_data-004879	extract-data	kind	KIND_OK	samples/병무청/2024/extract-data-004879.hwpx	병무청	2024	hwpx	date	7	7	
u_extract_data-004880	extract-data	kind	KIND_OK	samples/산림청/2024/extract-data-004880.hwp	산림청	2024	hwp	amount	8	8	
u_extract_data-004881	extract-data	kind	KIND_OK	samples/중소벤처기업부/2024/extract-data-004881.hwpx	중소벤처기업부	2024	hwpx	number	9	9	
u_extract_data-004882	extract-data	kind	KIND_OK	samples/과학기술정보통신부/2024/extract-data-004882.hwp	과학기술정보통신부	2024	hwp	all	10	10	
u_extract_data-004883	extract-data	kind	KIND_OK	samples/문화체육관광부/2024/extract-data-004883.hwpx	문화체육관광부	2024	hwpx	date	11	11	
u_extract_data-004884	extract-data	kind	COUNT_DRIFT	samples/환경부/2024/extract-data-004884.hwp	환경부	2024	hwp	amount	0	1	
u_extract_data-004885	extract-data	kind	KIND_UNKNOWN	samples/해양수산부/2024/extract-data-004885.hwpx	해양수산부	2024	hwpx	token	1	1	
u_extract_data-004886	extract-data	kind	KIND_OK	samples/서울특별시/2024/extract-data-004886.hwp	서울특별시	2024	hwp	date	2	2	
u_extract_data-004887	extract-data	kind	KIND_OK	samples/경기도/2024/extract-data-004887.hwpx	경기도	2024	hwpx	amount	3	3	
u_extract_data-004888	extract-data	kind	KIND_OK	samples/부산광역시/2024/extract-data-004888.hwp	부산광역시	2024	hwp	number	4	4	
u_extract_data-004889	extract-data	kind	KIND_OK	samples/제주특별자치도/2024/extract-data-004889.hwpx	제주특별자치도	2024	hwpx	all	5	5	
u_extract_data-004890	extract-data	kind	KIND_OK	samples/법제처/2025/extract-data-004890.hwp	법제처	2025	hwp	date	6	6	
u_extract_data-004891	extract-data	kind	COUNT_DRIFT	samples/행정안전부/2025/extract-data-004891.hwpx	행정안전부	2025	hwpx	amount	7	8	
u_extract_data-004892	extract-data	kind	KIND_UNKNOWN	samples/국세청/2025/extract-data-004892.hwp	국세청	2025	hwp	token	8	8	
u_extract_data-004893	extract-data	kind	KIND_OK	samples/대법원/2025/extract-data-004893.hwpx	대법원	2025	hwpx	date	9	9	
u_extract_data-004894	extract-data	kind	KIND_OK	samples/특허청/2025/extract-data-004894.hwp	특허청	2025	hwp	amount	10	10	
u_extract_data-004895	extract-data	kind	KIND_OK	samples/교육부/2025/extract-data-004895.hwpx	교육부	2025	hwpx	number	11	11	
u_extract_data-004896	extract-data	kind	KIND_OK	samples/보건복지부/2025/extract-data-004896.hwp	보건복지부	2025	hwp	all	0	0	
u_extract_data-004897	extract-data	kind	KIND_OK	samples/국토교통부/2025/extract-data-004897.hwpx	국토교통부	2025	hwpx	date	1	1	
u_extract_data-004898	extract-data	kind	COUNT_DRIFT	samples/고용노동부/2025/extract-data-004898.hwp	고용노동부	2025	hwp	amount	2	3	
u_extract_data-004899	extract-data	kind	KIND_UNKNOWN	samples/외교부/2025/extract-data-004899.hwpx	외교부	2025	hwpx	token	3	3	
u_extract_data-004900	extract-data	kind	KIND_OK	samples/기획재정부/2025/extract-data-004900.hwp	기획재정부	2025	hwp	date	4	4	
u_extract_data-004901	extract-data	kind	KIND_OK	samples/공정거래위원회/2025/extract-data-004901.hwpx	공정거래위원회	2025	hwpx	amount	5	5	
u_extract_data-004902	extract-data	kind	KIND_OK	samples/금융위원회/2025/extract-data-004902.hwp	금융위원회	2025	hwp	number	6	6	
u_extract_data-004903	extract-data	kind	KIND_OK	samples/통계청/2025/extract-data-004903.hwpx	통계청	2025	hwpx	all	7	7	
u_extract_data-004904	extract-data	kind	KIND_OK	samples/기상청/2025/extract-data-004904.hwp	기상청	2025	hwp	date	8	8	
u_extract_data-004905	extract-data	kind	COUNT_DRIFT	samples/관세청/2025/extract-data-004905.hwpx	관세청	2025	hwpx	amount	9	10	
u_extract_data-004906	extract-data	kind	KIND_UNKNOWN	samples/검찰청/2025/extract-data-004906.hwp	검찰청	2025	hwp	token	10	10	
u_extract_data-004907	extract-data	kind	KIND_OK	samples/경찰청/2025/extract-data-004907.hwpx	경찰청	2025	hwpx	date	11	11	
u_extract_data-004908	extract-data	kind	KIND_OK	samples/소방청/2025/extract-data-004908.hwp	소방청	2025	hwp	amount	0	0	
u_extract_data-004909	extract-data	kind	KIND_OK	samples/병무청/2025/extract-data-004909.hwpx	병무청	2025	hwpx	number	1	1	
u_extract_data-004910	extract-data	kind	KIND_OK	samples/산림청/2025/extract-data-004910.hwp	산림청	2025	hwp	all	2	2	
u_extract_data-004911	extract-data	kind	KIND_OK	samples/중소벤처기업부/2025/extract-data-004911.hwpx	중소벤처기업부	2025	hwpx	date	3	3	
u_extract_data-004912	extract-data	kind	COUNT_DRIFT	samples/과학기술정보통신부/2025/extract-data-004912.hwp	과학기술정보통신부	2025	hwp	amount	4	5	
u_extract_data-004913	extract-data	kind	KIND_UNKNOWN	samples/문화체육관광부/2025/extract-data-004913.hwpx	문화체육관광부	2025	hwpx	token	5	5	
u_extract_data-004914	extract-data	kind	KIND_OK	samples/환경부/2025/extract-data-004914.hwp	환경부	2025	hwp	date	6	6	
u_extract_data-004915	extract-data	kind	KIND_OK	samples/해양수산부/2025/extract-data-004915.hwpx	해양수산부	2025	hwpx	amount	7	7	
u_extract_data-004916	extract-data	kind	KIND_OK	samples/서울특별시/2025/extract-data-004916.hwp	서울특별시	2025	hwp	number	8	8	
u_extract_data-004917	extract-data	kind	KIND_OK	samples/경기도/2025/extract-data-004917.hwpx	경기도	2025	hwpx	all	9	9	
u_extract_data-004918	extract-data	kind	KIND_OK	samples/부산광역시/2025/extract-data-004918.hwp	부산광역시	2025	hwp	date	10	10	
u_extract_data-004919	extract-data	kind	COUNT_DRIFT	samples/제주특별자치도/2025/extract-data-004919.hwpx	제주특별자치도	2025	hwpx	amount	11	12	
u_extract_data-004920	extract-data	kind	KIND_UNKNOWN	samples/법제처/2026/extract-data-004920.hwp	법제처	2026	hwp	token	0	0	
u_extract_data-004921	extract-data	kind	KIND_OK	samples/행정안전부/2026/extract-data-004921.hwpx	행정안전부	2026	hwpx	date	1	1	
u_extract_data-004922	extract-data	kind	KIND_OK	samples/국세청/2026/extract-data-004922.hwp	국세청	2026	hwp	amount	2	2	
u_extract_data-004923	extract-data	kind	KIND_OK	samples/대법원/2026/extract-data-004923.hwpx	대법원	2026	hwpx	number	3	3	
u_extract_data-004924	extract-data	kind	KIND_OK	samples/특허청/2026/extract-data-004924.hwp	특허청	2026	hwp	all	4	4	
u_extract_data-004925	extract-data	kind	KIND_OK	samples/교육부/2026/extract-data-004925.hwpx	교육부	2026	hwpx	date	5	5	
u_extract_data-004926	extract-data	kind	COUNT_DRIFT	samples/보건복지부/2026/extract-data-004926.hwp	보건복지부	2026	hwp	amount	6	7	
u_extract_data-004927	extract-data	kind	KIND_UNKNOWN	samples/국토교통부/2026/extract-data-004927.hwpx	국토교통부	2026	hwpx	token	7	7	
u_extract_data-004928	extract-data	kind	KIND_OK	samples/고용노동부/2026/extract-data-004928.hwp	고용노동부	2026	hwp	date	8	8	
u_extract_data-004929	extract-data	kind	KIND_OK	samples/외교부/2026/extract-data-004929.hwpx	외교부	2026	hwpx	amount	9	9	
u_extract_data-004930	extract-data	kind	KIND_OK	samples/기획재정부/2026/extract-data-004930.hwp	기획재정부	2026	hwp	number	10	10	
u_extract_data-004931	extract-data	kind	KIND_OK	samples/공정거래위원회/2026/extract-data-004931.hwpx	공정거래위원회	2026	hwpx	all	11	11	
u_extract_data-004932	extract-data	kind	KIND_OK	samples/금융위원회/2026/extract-data-004932.hwp	금융위원회	2026	hwp	date	0	0	
u_extract_data-004933	extract-data	kind	COUNT_DRIFT	samples/통계청/2026/extract-data-004933.hwpx	통계청	2026	hwpx	amount	1	2	
u_extract_data-004934	extract-data	kind	KIND_UNKNOWN	samples/기상청/2026/extract-data-004934.hwp	기상청	2026	hwp	token	2	2	
u_extract_data-004935	extract-data	kind	KIND_OK	samples/관세청/2026/extract-data-004935.hwpx	관세청	2026	hwpx	date	3	3	
u_extract_data-004936	extract-data	kind	KIND_OK	samples/검찰청/2026/extract-data-004936.hwp	검찰청	2026	hwp	amount	4	4	
u_extract_data-004937	extract-data	kind	KIND_OK	samples/경찰청/2026/extract-data-004937.hwpx	경찰청	2026	hwpx	number	5	5	
u_extract_data-004938	extract-data	kind	KIND_OK	samples/소방청/2026/extract-data-004938.hwp	소방청	2026	hwp	all	6	6	
u_extract_data-004939	extract-data	kind	KIND_OK	samples/병무청/2026/extract-data-004939.hwpx	병무청	2026	hwpx	date	7	7	
u_extract_data-004940	extract-data	kind	COUNT_DRIFT	samples/산림청/2026/extract-data-004940.hwp	산림청	2026	hwp	amount	8	9	
u_extract_data-004941	extract-data	kind	KIND_UNKNOWN	samples/중소벤처기업부/2026/extract-data-004941.hwpx	중소벤처기업부	2026	hwpx	token	9	9	
u_extract_data-004942	extract-data	kind	KIND_OK	samples/과학기술정보통신부/2026/extract-data-004942.hwp	과학기술정보통신부	2026	hwp	date	10	10	
u_extract_data-004943	extract-data	kind	KIND_OK	samples/문화체육관광부/2026/extract-data-004943.hwpx	문화체육관광부	2026	hwpx	amount	11	11	
u_extract_data-004944	extract-data	kind	KIND_OK	samples/환경부/2026/extract-data-004944.hwp	환경부	2026	hwp	number	0	0	
u_extract_data-004945	extract-data	kind	KIND_OK	samples/해양수산부/2026/extract-data-004945.hwpx	해양수산부	2026	hwpx	all	1	1	
u_extract_data-004946	extract-data	kind	KIND_OK	samples/서울특별시/2026/extract-data-004946.hwp	서울특별시	2026	hwp	date	2	2	
u_extract_data-004947	extract-data	kind	COUNT_DRIFT	samples/경기도/2026/extract-data-004947.hwpx	경기도	2026	hwpx	amount	3	4	
u_extract_data-004948	extract-data	kind	KIND_UNKNOWN	samples/부산광역시/2026/extract-data-004948.hwp	부산광역시	2026	hwp	token	4	4	
u_extract_data-004949	extract-data	kind	KIND_OK	samples/제주특별자치도/2026/extract-data-004949.hwpx	제주특별자치도	2026	hwpx	date	5	5	
u_extract_data-004950	extract-data	kind	KIND_OK	samples/법제처/2016/extract-data-004950.hwp	법제처	2016	hwp	amount	6	6	
u_extract_data-004951	extract-data	kind	KIND_OK	samples/행정안전부/2016/extract-data-004951.hwpx	행정안전부	2016	hwpx	number	7	7	
u_extract_data-004952	extract-data	kind	KIND_OK	samples/국세청/2016/extract-data-004952.hwp	국세청	2016	hwp	all	8	8	
u_extract_data-004953	extract-data	kind	KIND_OK	samples/대법원/2016/extract-data-004953.hwpx	대법원	2016	hwpx	date	9	9	
u_extract_data-004954	extract-data	kind	COUNT_DRIFT	samples/특허청/2016/extract-data-004954.hwp	특허청	2016	hwp	amount	10	11	
u_extract_data-004955	extract-data	kind	KIND_UNKNOWN	samples/교육부/2016/extract-data-004955.hwpx	교육부	2016	hwpx	token	11	11	
u_extract_data-004956	extract-data	kind	KIND_OK	samples/보건복지부/2016/extract-data-004956.hwp	보건복지부	2016	hwp	date	0	0	
u_extract_data-004957	extract-data	kind	KIND_OK	samples/국토교통부/2016/extract-data-004957.hwpx	국토교통부	2016	hwpx	amount	1	1	
u_extract_data-004958	extract-data	kind	KIND_OK	samples/고용노동부/2016/extract-data-004958.hwp	고용노동부	2016	hwp	number	2	2	
u_extract_data-004959	extract-data	kind	KIND_OK	samples/외교부/2016/extract-data-004959.hwpx	외교부	2016	hwpx	all	3	3	
u_extract_data-004960	extract-data	kind	KIND_OK	samples/기획재정부/2016/extract-data-004960.hwp	기획재정부	2016	hwp	date	4	4	
u_extract_data-004961	extract-data	kind	COUNT_DRIFT	samples/공정거래위원회/2016/extract-data-004961.hwpx	공정거래위원회	2016	hwpx	amount	5	6	
u_extract_data-004962	extract-data	kind	KIND_UNKNOWN	samples/금융위원회/2016/extract-data-004962.hwp	금융위원회	2016	hwp	token	6	6	
u_extract_data-004963	extract-data	kind	KIND_OK	samples/통계청/2016/extract-data-004963.hwpx	통계청	2016	hwpx	date	7	7	
u_extract_data-004964	extract-data	kind	KIND_OK	samples/기상청/2016/extract-data-004964.hwp	기상청	2016	hwp	amount	8	8	
u_extract_data-004965	extract-data	kind	KIND_OK	samples/관세청/2016/extract-data-004965.hwpx	관세청	2016	hwpx	number	9	9	
u_extract_data-004966	extract-data	kind	KIND_OK	samples/검찰청/2016/extract-data-004966.hwp	검찰청	2016	hwp	all	10	10	
u_extract_data-004967	extract-data	kind	KIND_OK	samples/경찰청/2016/extract-data-004967.hwpx	경찰청	2016	hwpx	date	11	11	
u_extract_data-004968	extract-data	kind	COUNT_DRIFT	samples/소방청/2016/extract-data-004968.hwp	소방청	2016	hwp	amount	0	1	
u_extract_data-004969	extract-data	kind	KIND_UNKNOWN	samples/병무청/2016/extract-data-004969.hwpx	병무청	2016	hwpx	token	1	1	
u_extract_data-004970	extract-data	kind	KIND_OK	samples/산림청/2016/extract-data-004970.hwp	산림청	2016	hwp	date	2	2	
u_extract_data-004971	extract-data	kind	KIND_OK	samples/중소벤처기업부/2016/extract-data-004971.hwpx	중소벤처기업부	2016	hwpx	amount	3	3	
u_extract_data-004972	extract-data	kind	KIND_OK	samples/과학기술정보통신부/2016/extract-data-004972.hwp	과학기술정보통신부	2016	hwp	number	4	4	
u_extract_data-004973	extract-data	kind	KIND_OK	samples/문화체육관광부/2016/extract-data-004973.hwpx	문화체육관광부	2016	hwpx	all	5	5	
u_extract_data-004974	extract-data	kind	KIND_OK	samples/환경부/2016/extract-data-004974.hwp	환경부	2016	hwp	date	6	6	
u_extract_data-004975	extract-data	kind	COUNT_DRIFT	samples/해양수산부/2016/extract-data-004975.hwpx	해양수산부	2016	hwpx	amount	7	8	
u_extract_data-004976	extract-data	kind	KIND_UNKNOWN	samples/서울특별시/2016/extract-data-004976.hwp	서울특별시	2016	hwp	token	8	8	
u_extract_data-004977	extract-data	kind	KIND_OK	samples/경기도/2016/extract-data-004977.hwpx	경기도	2016	hwpx	date	9	9	
u_extract_data-004978	extract-data	kind	KIND_OK	samples/부산광역시/2016/extract-data-004978.hwp	부산광역시	2016	hwp	amount	10	10	
u_extract_data-004979	extract-data	kind	KIND_OK	samples/제주특별자치도/2016/extract-data-004979.hwpx	제주특별자치도	2016	hwpx	number	11	11	
u_extract_data-004980	extract-data	kind	KIND_OK	samples/법제처/2017/extract-data-004980.hwp	법제처	2017	hwp	all	0	0	
u_extract_data-004981	extract-data	kind	KIND_OK	samples/행정안전부/2017/extract-data-004981.hwpx	행정안전부	2017	hwpx	date	1	1	
u_extract_data-004982	extract-data	kind	COUNT_DRIFT	samples/국세청/2017/extract-data-004982.hwp	국세청	2017	hwp	amount	2	3	
u_extract_data-004983	extract-data	kind	KIND_UNKNOWN	samples/대법원/2017/extract-data-004983.hwpx	대법원	2017	hwpx	token	3	3	
u_extract_data-004984	extract-data	kind	KIND_OK	samples/특허청/2017/extract-data-004984.hwp	특허청	2017	hwp	date	4	4	
u_extract_data-004985	extract-data	kind	KIND_OK	samples/교육부/2017/extract-data-004985.hwpx	교육부	2017	hwpx	amount	5	5	
u_extract_data-004986	extract-data	kind	KIND_OK	samples/보건복지부/2017/extract-data-004986.hwp	보건복지부	2017	hwp	number	6	6	
u_extract_data-004987	extract-data	kind	KIND_OK	samples/국토교통부/2017/extract-data-004987.hwpx	국토교통부	2017	hwpx	all	7	7	
u_extract_data-004988	extract-data	kind	KIND_OK	samples/고용노동부/2017/extract-data-004988.hwp	고용노동부	2017	hwp	date	8	8	
u_extract_data-004989	extract-data	kind	COUNT_DRIFT	samples/외교부/2017/extract-data-004989.hwpx	외교부	2017	hwpx	amount	9	10	
u_extract_data-004990	extract-data	kind	KIND_UNKNOWN	samples/기획재정부/2017/extract-data-004990.hwp	기획재정부	2017	hwp	token	10	10	
u_extract_data-004991	extract-data	kind	KIND_OK	samples/공정거래위원회/2017/extract-data-004991.hwpx	공정거래위원회	2017	hwpx	date	11	11	
u_extract_data-004992	extract-data	kind	KIND_OK	samples/금융위원회/2017/extract-data-004992.hwp	금융위원회	2017	hwp	amount	0	0	
u_extract_data-004993	extract-data	kind	KIND_OK	samples/통계청/2017/extract-data-004993.hwpx	통계청	2017	hwpx	number	1	1	
u_extract_data-004994	extract-data	kind	KIND_OK	samples/기상청/2017/extract-data-004994.hwp	기상청	2017	hwp	all	2	2	
u_extract_data-004995	extract-data	kind	KIND_OK	samples/관세청/2017/extract-data-004995.hwpx	관세청	2017	hwpx	date	3	3	
u_extract_data-004996	extract-data	kind	COUNT_DRIFT	samples/검찰청/2017/extract-data-004996.hwp	검찰청	2017	hwp	amount	4	5	
u_extract_data-004997	extract-data	kind	KIND_UNKNOWN	samples/경찰청/2017/extract-data-004997.hwpx	경찰청	2017	hwpx	token	5	5	
u_extract_data-004998	extract-data	kind	KIND_OK	samples/소방청/2017/extract-data-004998.hwp	소방청	2017	hwp	date	6	6	
u_extract_data-004999	extract-data	kind	KIND_OK	samples/병무청/2017/extract-data-004999.hwpx	병무청	2017	hwpx	amount	7	7	
